theta = [34.977272578843284, -0.08242835898133033, 0.042799865288962666, 0.029713389842576314, 2.82752504840674, -16.69418750826054, 3.8626615977442915, 0.0007171567162241918, -1.396188869070189, 0.26531690255847895, -0.012157543384090705, -0.944461116431957, 0.010424121696222245, -0.5484528106741136]
cost = 11.181350505549322



Theta: 34.97727173157192,  -0.08242861977585855, 0.04279992500158222,  0.029716152013138195, 2.827525021225764,  -16.6941876880557,   3.8626637888255093, 0.000716794015692918,  -1.3961836945176251, 0.2653207735865452,  -0.01215774143720548,  -0.9444686966065131, 0.01042432666654065,  -0.5484473069115685, 
Theta: 34.977271743432944, -0.08242862938438288, 0.04279997329036147,  0.029716077025458365, 2.82752502155625,   -16.694187685854214, 3.862663778897069,  0.0007167854831515268, -1.396183749347726,  0.2653206947825101,  -0.012157730307556968, -0.944468573613942,  0.010424321205518118, -0.5484475009267373, 
Theta: 34.9772717548355,   -0.08242863799035073, 0.042799990902756525, 0.02971600959308114,  2.8275250218939423, -16.694187683668712, 3.862663768321394,  0.0007167991274985989, -1.3961838042543906, 0.26532061964864984, -0.012157724574849253, -0.944468455145092,  0.01042431523336901,  -0.5484476791742223, 
Theta: 34.97727176659529,  -0.08242864635107353, 0.0427999967969552,   0.029715942692348365, 2.827525022241624,  -16.69418768138512,  3.862663756521716,  0.0007168188880741805, -1.3961838619964742, 0.26532054295017665, -0.01215771858602416,  -0.9444683330455269, 0.010424310501131543, -0.5484478567177726, 
Theta: 34.97727177790208,  -0.08242865396528816, 0.04279999700342126,  0.029715880061015162, 2.827525022569211,  -16.694187679176245, 3.86266374435925,   0.0007168379826854324, -1.3961839182340443, 0.2653204698683502,  -0.012157714267489282, -0.944468215904439,  0.010424305400887858, -0.548448022299315, 
Theta: 34.97727178956865,  -0.08242866139603508, 0.042799994440308166, 0.029715816968296158, 2.8275250228992252, -16.69418767688583,  3.862663731058817,  0.0007168567285030533, -1.396183976792233,  0.2653203952130134,  -0.012157708958989457, -0.9444680953212499, 0.010424301187949485, -0.5484481880467463, 
Theta: 34.9772718011958,   -0.08242866838015528, 0.0427999903987696,   0.029715755529685105, 2.8275250232203377, -16.694187674592474, 3.862663717090872,  0.0007168743182705741, -1.3961840356057496, 0.2653203215764057,  -0.012157702292708277, -0.9444679754573186, 0.0104242983544833,   -0.5484483482019595, 
Theta: 34.97727181237635,  -0.08242867473664187, 0.04279998563076148,  0.029715697543473297, 2.8275250235219276, -16.69418767238174,  3.8626637029276174, 0.0007168894989205225, -1.396184092654084,  0.26532025128029557, -0.012157699732761495, -0.9444678606090772, 0.01042429270186368,  -0.5484484978887975, 
Theta: 34.97727182392409,  -0.08242868089111131, 0.04279998034575751,  0.029715639022731704, 2.827525023827446,  -16.69418767008658,  3.862663687693308,  0.0007169047359535544, -1.3961841519199416, 0.2653201794896787,  -0.01215769365022022,  -0.9444677422875744, 0.01042428981691149,  -0.5484486477104544, 
Theta: 34.977271835032084, -0.08242868645837155, 0.04279997497959508,  0.029715583762169952, 2.827525024115652,  -16.694187667872818, 3.862663672364581,  0.0007169180977809664, -1.3961842093752235, 0.26532011096317903, -0.012157690847640098, -0.9444676288915046, 0.010424284722882529, -0.5484487877266442, 
Theta: 34.977271846504564, -0.0824286918132807,  0.04279996942409104,  0.02971552794091636,  2.8275250244086694, -16.69418766557549,  3.8626636559524674, 0.0007169316001233445, -1.3961842690547537, 0.26532004096012307, -0.012157685282796538, -0.9444675121064291, 0.010424281767030736, -0.5484489278915192, 
Theta: 34.97727185754247,  -0.082428696617683,   0.04279996403288199,  0.02971547521424381,  2.8275250246862074, -16.694187663359,    3.8626636395290417, 0.0007169435903519148, -1.3961843268958534, 0.26531997415615294, -0.012157682345355813, -0.9444674001696213, 0.01042427709860613,  -0.5484490588800406, 
Theta: 34.977271864414554, -0.08242869944030413, 0.04279996066629478,  0.029715442840951314, 2.82752502485701,   -16.69418766197644,  3.8626636289854646, 0.00071695050575677,   -1.396184363126287,  0.2653199328167549,  -0.012157682213108971, -0.9444673307026455, 0.01042427288191036,  -0.5484491385923461
Theta: 34.97727194116451,  -0.08242872165391878, 0.04279992696409921,  0.02971510734135409,  2.8275250267063563, -16.69418764631799,  3.8626634972181715, 0.0007170199899083499, -1.396184776923669,  0.26531948880164885, -0.01215765378430682,  -0.9444665649096555, 0.0104242506692373,   -0.5484499342334337, 
Theta: 34.97727208806877,  -0.08242871926737032, 0.04279988150928118,  0.029714571508234488, 2.8275250302796118, -16.694187615530687, 3.862663176355477,  0.0007171045409177257, -1.3961856196179654, 0.2653187236636733,  -0.012157612550449164, -0.9444651594708748, 0.010424211405579364, -0.5484510673699785
Theta: 34.97727212630018,  -0.0824287095094017,  0.04279987337402336,  0.029714450523877,    2.827525031284866,  -16.694187607380954, 3.862663079289087,  0.0007171181690631945, -1.3961858498634045, 0.26531854245720093, -0.012157607218517621, -0.9444648078874583, 0.010424199474081913, -0.5484512962453206
Theta: 34.9772721482352,   -0.08242870227272846, 0.04279986945454133,  0.029714384214985727, 2.8275250318841088, -16.694187602679428, 3.8626630213599826, 0.0007171256075153948, -1.3961859838392312, 0.26531844195375803, -0.0121575995932178,   -0.9444646088088372, 0.010424196772686837, -0.5484514171978987
Theta: 34.97727218586186,  -0.08242868722254083, 0.04279986356995157,  0.029714274817447123, 2.82752503295375,   -16.69418759458736,  3.8626629179969414, 0.0007171352548528828, -1.3961862171442752, 0.26531827476004166, -0.01215759525463196,  -0.9444642722182837, 0.010424185799475443, -0.5484516092788898
Theta: 34.9772722173337,   -0.08242867210682472, 0.042799859661540124, 0.02971418759686163,  2.827525033893892,  -16.694187587786477, 3.8626628280071875, 0.0007171421724048252, -1.3961864153712253, 0.26531814025448314, -0.012157589492286583, -0.9444639952554476, 0.010424179028684288, -0.5484517557893519
Theta: 34.977272223139174, -0.08242866906404295, 0.0427998590962897,   0.029714171996333236, 2.8275250340723566, -16.69418758652687,  3.8626628111189296, 0.0007171437583904214, -1.3961864521807272, 0.2653181160543416,  -0.012157585661211126, -0.9444639445649212, 0.010424180084148955, -0.548451781400443
Theta: 34.977272578843284, -0.08242835898133033, 0.042799865288962666, 0.029713389842576314, 2.82752504840674,   -16.69418750826054,  3.8626615977442915, 0.0007171567162241918, -1.396188869070189,  0.26531690255847895, -0.012157543384090705, -0.944461116431957,  0.010424121696222245, -0.5484528106741136
11.181350505549322
11.181350505951166

11.181350507199022