===============================================================
Iteration 1: 
Cost: 11.181350509850471 
theta: [25.88905239976298, -0.821009239268025, 4.279978810961886, 0.8106611040063507, 2.8275249756180254, -8.113369655520476, 20.1592577263357, 0.0696085833262474, -15.353681841122501, 6.102379148975648, -6.370685752246313, -8.878004376802409, 4.134110958943819, -19.87571484242827] 
===============================================================
Iteration 2: 
Cost: 11.1813505098403 
theta: [25.889052879469588, -0.8210091866762237, 4.279978853340757, 0.8106610502885687, 2.827524976726866, -8.11336979167085, 20.159257350154622, 0.06960859011097711, -15.353682088178978, 6.10237915820553, -6.3706857644877, -8.878004437632352, 4.13411087855553, -19.875715040525602] 
===============================================================
Iteration 3: 
Cost: 11.181350509830137 
theta: [25.8890533590821, -0.8210091340947259, 4.279978895711304, 0.8106609965812893, 2.827524977835493, -8.113369927794514, 20.159256974047338, 0.06960859689437102, -15.353682335187, 6.102379167433554, -6.370685776726628, -8.878004498450363, 4.1341107981830065, -19.875715238584075] 
===============================================================
Iteration 4: 
Cost: 11.181350509819977 
theta: [25.889053838600546, -0.8210090815235296, 4.279978938073529, 0.8106609428845105, 2.8275249789439063, -8.113370063891473, 20.159256598013837, 0.06960860367642956, -15.353682582146579, 6.102379176659723, -6.3706857889630975, -8.87800455925644, 4.134110717826246, -19.87571543660369] 
===============================================================
Iteration 5: 
Cost: 11.181350509809828 
theta: [25.889054318024936, -0.8210090289626328, 4.279978980427433, 0.8106608891982301, 2.827524980052106, -8.113370199961732, 20.1592562220541, 0.06960861045715275, -15.353682829057721, 6.102379185884036, -6.3706858011971095, -8.878004620050588, 4.134110637485246, -19.875715634584463] 
===============================================================
Iteration 6: 
Cost: 11.18135050979967 
theta: [25.88905479735529, -0.8210089764120336, 4.279979022773018, 0.810660835522446, 2.827524981160092, -8.113370336005296, 20.159255846168115, 0.06960861723654087, -15.353683075920438, 6.102379195106494, -6.370685813428664, -8.878004680832808, 4.134110557160002, -19.875715832526396] 
===============================================================
Iteration 7: 
Cost: 11.181350509789516 
theta: [25.889055276591627, -0.82100892387173, 4.279979065110286, 0.8106607818571564, 2.8275249822678648, -8.113370472022172, 20.159255470355866, 0.06960862401459425, -15.353683322734739, 6.102379204327097, -6.370685825657762, -8.878004741603103, 4.134110476850513, -19.875716030429498] 
===============================================================
Iteration 8: 
Cost: 11.18135050977936 
theta: [25.889055755733967, -0.8210088713417197, 4.279979107439238, 0.810660728202359, 2.827524983375424, -8.113370608012364, 20.15925509461734, 0.06960863079131317, -15.353683569500634, 6.102379213545845, -6.370685837884403, -8.878004802361476, 4.134110396556773, -19.87571622829378] 
===============================================================
Iteration 9: 
Cost: 11.18135050976922 
theta: [25.889056234782327, -0.821008818822001, 4.279979149759876, 0.8106606745580519, 2.82752498448277, -8.113370743975876, 20.15925471895252, 0.06960863756669783, -15.353683816218131, 6.102379222762739, -6.370685850108588, -8.878004863107929, 4.134110316278781, -19.875716426119244] 
===============================================================
Iteration 10: 
Cost: 11.1813505097591 
theta: [25.889056713736725, -0.8210087663125718, 4.279979192072201, 0.8106606209242331, 2.8275249855899025, -8.113370879912715, 20.159254343361393, 0.06960864434074858, -15.353684062887242, 6.102379231977779, -6.370685862330318, -8.878004923842465, 4.134110236016533, -19.8757166239059] 
===============================================================
Iteration 11: 
Cost: 11.18135050974896 
theta: [25.88905719259718, -0.82100871381343, 4.279979234376215, 0.8106605673009004, 2.8275249866968215, -8.113371015822885, 20.159253967843945, 0.06960865111346565, -15.353684309507974, 6.102379241190966, -6.370685874549594, -8.878004984565084, 4.134110155770027, -19.875716821653757] 
===============================================================
Iteration 12: 
Cost: 11.181350509738838 
theta: [25.88905767136371, -0.8210086613245736, 4.279979276671921, 0.8106605136880519, 2.8275249878035273, -8.113371151706392, 20.159253592400162, 0.0696086578848494, -15.353684556080339, 6.102379250402299, -6.370685886766415, -8.87800504527579, 4.134110075539259, -19.87571701936282] 
===============================================================
Iteration 13: 
Cost: 11.181350509728702 
theta: [25.889058150036334, -0.8210086088460007, 4.2799793189593185, 0.8106604600856856, 2.82752498891002, -8.113371287563242, 20.15925321703003, 0.06960866465490002, -15.353684802604343, 6.10237925961178, -6.370685898980782, -8.878005105974585, 4.134109995324227, -19.8757172170331] 
===============================================================
Iteration 14: 
Cost: 11.181350509718584 
theta: [25.88905862861507, -0.8210085563777092, 4.279979361238411, 0.8106604064937992, 2.8275249900162995, -8.113371423393438, 20.159252841733533, 0.06960867142361765, -15.35368504908, 6.1023792688194085, -6.370685911192696, -8.878005166661472, 4.1341099151249265, -19.8757174146646] 
===============================================================
Iteration 15: 
Cost: 11.181350509708464 
theta: [25.88905910709994, -0.821008503919697, 4.2799794035091985, 0.8106603529123908, 2.827524991122366, -8.113371559196988, 20.159252466510658, 0.06960867819100265, -15.353685295507315, 6.102379278025185, -6.370685923402157, -8.878005227336454, 4.134109834941355, -19.875717612257333] 
===============================================================
Iteration 16: 
Cost: 11.181350509698339 
theta: [25.889059585490955, -0.8210084514719622, 4.2799794457716835, 0.8106602993414583, 2.827524992228219, -8.113371694973894, 20.159252091361388, 0.06960868495705529, -15.3536855418863, 6.10237928722911, -6.370685935609166, -8.87800528799953, 4.134109754773509, -19.875717809811302] 
===============================================================
Iteration 17: 
Cost: 11.181350509688242 
theta: [25.88906006378814, -0.8210083990345028, 4.279979488025868, 0.8106602457809998, 2.827524993333859, -8.113371830724164, 20.15925171628571, 0.06960869172177578, -15.353685788216964, 6.102379296431184, -6.370685947813723, -8.878005348650706, 4.134109674621387, -19.87571800732652] 
===============================================================
Iteration 18: 
Cost: 11.18135050967813 
theta: [25.88906054199151, -0.8210083466073168, 4.279979530271753, 0.8106601922310132, 2.827524994439286, -8.113371966447803, 20.15925134128361, 0.0696086984851645, -15.353686034499317, 6.102379305631406, -6.370685960015829, -8.878005409289983, 4.134109594484984, -19.875718204802986] 
===============================================================
Iteration 19: 
Cost: 11.181350509668029 
theta: [25.88906102010108, -0.8210082941904021, 4.2799795725093395, 0.8106601386914964, 2.8275249955444997, -8.113372102144814, 20.159250966355074, 0.06960870524722174, -15.353686280733367, 6.102379314829779, -6.370685972215484, -8.878005469917364, 4.134109514364298, -19.875718402240715] 
===============================================================
Iteration 20: 
Cost: 11.181350509657937 
theta: [25.889061498116877, -0.8210082417837568, 4.279979614738631, 0.8106600851624475, 2.8275249966495006, -8.113372237815204, 20.159250591500086, 0.06960871200794769, -15.353686526919125, 6.102379324026302, -6.370685984412689, -8.87800553053285, 4.134109434259326, -19.87571859963971] 
===============================================================
Iteration 21: 
Cost: 11.181350509647835 
theta: [25.889061976038914, -0.8210081893873786, 4.279979656959627, 0.8106600316438644, 2.8275249977542884, -8.113372373458978, 20.159250216718632, 0.06960871876734263, -15.3536867730566, 6.102379333220974, -6.370685996607444, -8.878005591136443, 4.134109354170064, -19.875718796999983] 
===============================================================
Iteration 22: 
Cost: 11.181350509637744 
theta: [25.88906245386721, -0.8210081370012658, 4.279979699172331, 0.8106599781357449, 2.8275249988588635, -8.113372509076141, 20.1592498420107, 0.0696087255254068, -15.3536870191458, 6.102379342413798, -6.3706860087997494, -8.878005651728145, 4.13410927409651, -19.875718994321538] 
===============================================================
Iteration 23: 
Cost: 11.18135050962767 
theta: [25.889062931601785, -0.8210080846254164, 4.279979741376743, 0.8106599246380871, 2.827524999963226, -8.113372644666699, 20.15924946737627, 0.06960873228214047, -15.353687265186736, 6.102379351604772, -6.370686020989607, -8.87800571230796, 4.13410919403866, -19.875719191604386] 
===============================================================
Iteration 24: 
Cost: 11.181350509617577 
theta: [25.889063409242656, -0.8210080322598282, 4.279979783572866, 0.810659871150889, 2.827525001067375, -8.113372780230655, 20.159249092815333, 0.06960873903754389, -15.353687511179416, 6.102379360793898, -6.370686033177015, -8.878005772875891, 4.134109113996511, -19.87571938884853] 
===============================================================
Iteration 25: 
Cost: 11.181350509607498 
theta: [25.88906388678984, -0.8210079799044994, 4.279979825760701, 0.8106598176741485, 2.8275250021713116, -8.113372915768016, 20.159248718327873, 0.06960874579161735, -15.353687757123852, 6.1023793699811755, -6.370686045361976, -8.878005833431938, 4.134109033970061, -19.875719586053982] 
===============================================================
Iteration 26: 
Cost: 11.181350509597435 
theta: [25.88906436424336, -0.8210079275594278, 4.279979867940249, 0.8106597642078636, 2.8275250032750354, -8.113373051278787, 20.159248343913877, 0.06960875254436108, -15.353688003020052, 6.102379379166606, -6.370686057544489, -8.878005893976106, 4.134108953959306, -19.87571978322075] 
===============================================================
Iteration 27: 
Cost: 11.18135050958736 
theta: [25.88906484160323, -0.8210078752246114, 4.279979910111513, 0.8106597107520321, 2.8275250043785465, -8.113373186762974, 20.15924796957333, 0.06960875929577534, -15.353688248868025, 6.1023793883501884, -6.370686069724556, -8.878005954508394, 4.134108873964243, -19.875719980348837] 
===============================================================
Iteration 28: 
Cost: 11.181350509577285 
theta: [25.88906531886947, -0.8210078229000483, 4.279979952274494, 0.8106596573066521, 2.8275250054818453, -8.113373322220582, 20.159247595306212, 0.06960876604586042, -15.353688494667782, 6.102379397531924, -6.370686081902176, -8.878006015028808, 4.134108793984868, -19.875720177438254] 
===============================================================
Iteration 29: 
Cost: 11.181350509567222 
theta: [25.889065796042097, -0.8210077705857365, 4.279979994429193, 0.8106596038717215, 2.8275250065849313, -8.113373457651615, 20.159247221112516, 0.06960877279461651, -15.353688740419331, 6.102379406711813, -6.37068609407735, -8.878006075537346, 4.13410871402118, -19.875720374489006] 
===============================================================
Iteration 30: 
Cost: 11.181350509557172 
theta: [25.88906627312113, -0.821007718281674, 4.279980036575613, 0.8106595504472384, 2.8275250076878047, -8.113373593056078, 20.15924684699222, 0.06960877954204392, -15.353688986122682, 6.102379415889855, -6.37068610625008, -8.878006136034015, 4.134108634073175, -19.875720571501102] 
===============================================================
Iteration 31: 
Cost: 11.181350509547105 
theta: [25.88906675010659, -0.8210076659878587, 4.279980078713754, 0.8106594970332005, 2.8275250087904658, -8.113373728433977, 20.15924647294532, 0.06960878628814292, -15.353689231777844, 6.102379425066052, -6.370686118420364, -8.878006196518815, 4.134108554140849, -19.87572076847455] 
===============================================================
Iteration 32: 
Cost: 11.181350509537062 
theta: [25.889067226998492, -0.8210076137042887, 4.279980120843619, 0.810659443629606, 2.827525009892914, -8.113373863785318, 20.159246098971792, 0.06960879303291377, -15.353689477384828, 6.102379434240403, -6.370686130588204, -8.878006256991748, 4.1341084742242, -19.875720965409357] 
===============================================================
Iteration 33: 
Cost: 11.181350509527011 
theta: [25.889067703796858, -0.8210075614309618, 4.279980162965209, 0.8106593902364527, 2.82752501099515, -8.113373999110106, 20.159245725071628, 0.06960879977635684, -15.353689722943642, 6.102379443412909, -6.3706861427536, -8.878006317452817, 4.134108394323224, -19.87572116230553] 
===============================================================
Iteration 34: 
Cost: 11.18135050951697 
theta: [25.889068180501702, -0.8210075091678761, 4.279980205078525, 0.8106593368537387, 2.827525012097174, -8.113374134408344, 20.15924535124481, 0.06960880651847219, -15.353689968454296, 6.102379452583571, -6.3706861549165525, -8.878006377902024, 4.13410831443792, -19.87572135916308] 
===============================================================
Iteration 35: 
Cost: 11.181350509506931 
theta: [25.889068657113047, -0.8210074569150297, 4.27998024718357, 0.8106592834814619, 2.827525013198985, -8.11337426968004, 20.159244977491326, 0.06960881325926008, -15.3536902139168, 6.102379461752387, -6.3706861670770625, -8.878006438339371, 4.1341082345682825, -19.87572155598201] 
===============================================================
Iteration 36: 
Cost: 11.181350509496893 
theta: [25.889069133630905, -0.8210074046724206, 4.279980289280345, 0.8106592301196202, 2.827525014300584, -8.1133744049252, 20.15924460381116, 0.06960881999872076, -15.35369045933116, 6.10237947091936, -6.37068617923513, -8.878006498764861, 4.134108154714309, -19.87572175276233] 
===============================================================
Iteration 37: 
Cost: 11.181350509486872 
theta: [25.889069610055298, -0.8210073524400466, 4.279980331368851, 0.8106591767682115, 2.8275250154019704, -8.113374540143825, 20.159244230204298, 0.06960882673685462, -15.35369070469739, 6.1023794800844895, -6.370686191390756, -8.878006559178496, 4.134108074875997, -19.87572194950405] 
===============================================================
Iteration 38: 
Cost: 11.18135050947683 
theta: [25.889070086386244, -0.8210073002179059, 4.27998037344909, 0.8106591234272341, 2.8275250165031447, -8.113374675335923, 20.159243856670724, 0.06960883347366194, -15.353690950015498, 6.102379489247776, -6.37068620354394, -8.87800661958028, 4.134107995053344, -19.875722146207174] 
===============================================================
Iteration 39: 
Cost: 11.181350509466819 
theta: [25.889070562623765, -0.8210072480059963, 4.279980415521065, 0.8106590700966857, 2.827525017604107, -8.1133748105015, 20.159243483210425, 0.06960884020914292, -15.353691195285492, 6.102379498409219, -6.3706862156946835, -8.878006679970213, 4.134107915246346, -19.875722342871708] 
===============================================================
Iteration 40: 
Cost: 11.181350509456802 
theta: [25.889071038767874, -0.821007195804316, 4.2799804575847755, 0.8106590167765643, 2.8275250187048573, -8.113374945640558, 20.15924310982339, 0.06960884694329779, -15.353691440507383, 6.102379507568819, -6.370686227842987, -8.878006740348297, 4.134107835455, -19.875722539497662] 
===============================================================
Iteration 41: 
Cost: 11.181350509446771 
theta: [25.88907151481859, -0.8210071436128629, 4.279980499640224, 0.8106589634668678, 2.827525019805395, -8.113375080753105, 20.1592427365096, 0.06960885367612682, -15.353691685681179, 6.102379516726577, -6.370686239988851, -8.878006800714536, 4.134107755679302, -19.875722736085045] 
===============================================================
Iteration 42: 
Cost: 11.181350509436767 
theta: [25.889071990775932, -0.821007091431635, 4.279980541687413, 0.8106589101675944, 2.827525020905721, -8.113375215839145, 20.159242363269044, 0.06960886040763034, -15.35369193080689, 6.102379525882493, -6.370686252132275, -8.878006861068931, 4.134107675919251, -19.875722932633863] 
