================================================================
Iteration 100: 
Cost: 24.760293777148767
Theta: 0.5764932422378669, -0.08577652548101608, 0.06981119196503992, 0.030371861758774085, 2.827562470635302, -16.69370212701926, 3.870650642322784, 0.03947409817392101, -1.3890165885099568, 0.2576087974493443, 0.011292469734162154, -0.9256400279426551, 0.06747279141284379, -0.5396527705714227, 
================================================================
Iteration 200: 
Cost: 23.78719288248917
Theta: 0.5775156439263337, -0.08898329926139566, 0.08870006231115973, 0.029932044849222572, 2.8275746882943027, -16.693305323425832, 3.877580469963187, 0.05857305677088951, -1.3824708084393087, 0.25052426087435287, 0.009591661357044565, -0.9092837676529925, 0.06473175313812449, -0.5333333732565059, 
================================================================
Iteration 300: 
Cost: 23.21684843093208
Theta: 0.5785240702468066, -0.09217020460954102, 0.10220548038536675, 0.029361388648309134, 2.827580182615453, -16.692923005639393, 3.8843970651770623, 0.07010648675778541, -1.3759577116870516, 0.24382152397554677, 0.008204905471287374, -0.8929862063638806, 0.06236839600261544, -0.5279204824406356, 
================================================================
Iteration 400: 
Cost: 22.806279294480813
Theta: 0.5794640466169003, -0.09513302782136034, 0.11084356058177645, 0.028828822640167315, 2.827582773511023, -16.692570403167974, 3.890738775685295, 0.07678505365185885, -1.3699011826317655, 0.23781534640057259, 0.007683935199261013, -0.8776960111148008, 0.06093081943708763, -0.523374897152958, 
================================================================
Iteration 500: 
Cost: 22.4876118684278
Theta: 0.5804094755853499, -0.0981028686912539, 0.1165784726142186, 0.028296350446400397, 2.8275847108618635, -16.69221770785362, 3.8971130198530286, 0.08081891396935947, -1.363838229156244, 0.23194707115325552, 0.007047854881128145, -0.8622725891046376, 0.05951767610736515, -0.5191851509398334, 
================================================================
Iteration 600: 
Cost: 22.201459888656977
Theta: 0.58130232076284, -0.10088448589668088, 0.12001297447139336, 0.02781407719027778, 2.82758711404982, -16.691885121205804, 3.9031335337584427, 0.08304690969747884, -1.3581472091017193, 0.22656573432077595, 0.006891090279439812, -0.8476973643837816, 0.05863245737179263, -0.5155039508329405, 
================================================================
Iteration 700: 
Cost: 21.94356539116349
Theta: 0.5822085851753998, -0.1036877786950701, 0.12210405562347655, 0.02732271302652461, 2.8275907650110725, -16.691547649019085, 3.909250150933441, 0.08417776338374033, -1.3524015037302393, 0.22122384280863294, 0.006550362091503166, -0.8329226982583102, 0.057652792843494366, -0.5120112109887686, 
