================================================================
Iteration 100: 
Cost: 25.21825432031009
Theta: 0.0012002733783814839, -0.08583251336807006, 0.07026290831731387, 0.03038282729369144, 2.8275630969115553, -16.693694006856777, 3.8707842084976445, 0.04012224640090332, -1.3888967312170455, 0.2574798280450317, 0.01168463359442762, -0.9253251512253656, 0.06842682739616984, -0.5395056974699389, 
================================================================
Iteration 200: 
Cost: 24.212334498326886
Theta: 0.0022397727587795155, -0.08909291468591334, 0.08946766121730292, 0.029935656433351, 2.8275755188842853, -16.693290567451342, 3.877829925567652, 0.05954060192367855, -1.3822414835190773, 0.2502768162367958, 0.009955381991560364, -0.9086953630200268, 0.06563995013932662, -0.5330806161200382, 
================================================================
Iteration 300: 
Cost: 23.622754550617895
Theta: 0.00326506305155328, -0.09233311531314294, 0.10319893350539874, 0.029355458175455335, 2.827581105082523, -16.69290185610515, 3.884760516619059, 0.07126690816939986, -1.3756194656439282, 0.24346198906599822, 0.008545434919447007, -0.8921252555208008, 0.06323707007463478, -0.5275772010585684, 
================================================================
Iteration 400: 
Cost: 23.19833852239728
Theta: 0.00422075869563673, -0.09534548643554651, 0.1119814704104095, 0.028813987013686208, 2.8275837393006795, -16.692543357009768, 3.891208281354986, 0.07805716212071044, -1.3694616507808501, 0.2373553698956901, 0.008015752240939433, -0.8765793604194996, 0.061775452634919244, -0.5229555959174964, 
================================================================
Iteration 500: 
Cost: 22.86892369702822
Theta: 0.005181998117315684, -0.09836499257737245, 0.11781228882705905, 0.028272611238510124, 2.8275857090446466, -16.69218476352023, 3.8976891238389224, 0.08215848137716956, -1.3632973040187863, 0.23138895925531064, 0.007369034504479649, -0.8608980106299242, 0.06033867703020628, -0.5186957806387733, 
================================================================
Iteration 600: 
Cost: 22.573120937219542
Theta: 0.006089774383382092, -0.10119312735434567, 0.12130422677177471, 0.027782273824926065, 2.827588152416387, -16.691846614978306, 3.9038103205438857, 0.08442373614152429, -1.357511110642929, 0.22591763016503333, 0.007209648209948474, -0.8460790426665072, 0.05943865463074852, -0.5149530162032202, 
================================================================
Iteration 700: 
Cost: 22.306528677167442
Theta: 0.0070111942917976235, -0.10404330021369458, 0.12343027767255807, 0.02728269348377624, 2.827591864428214, -16.691503499196664, 3.9100292276968105, 0.08557350109055865, -1.351669317395589, 0.2204864060759434, 0.006863221857080799, -0.8310572980456373, 0.058442606995903666, -0.511401863695313, 
================================================================
Iteration 800: 
Cost: 22.052561287393203
Theta: 0.00788661394541378, -0.10672356842229508, 0.12453494355033372, 0.02681511391766769, 2.8275970760346985, -16.691177012467417, 3.9159452286209806, 0.08600675622016205, -1.3461506278504023, 0.215448589374133, 0.006834545337677759, -0.8168192566048692, 0.05778495748135653, -0.5082219848903778, 
================================================================
Iteration 900: 
Cost: 21.8110173158858
Theta: 0.008779043090968145, -0.10943184917220966, 0.12502397704376145, 0.026328002663895893, 2.827604333367703, -16.690843621230876, 3.9219862525812887, 0.08594484718721171, -1.3405524282712562, 0.21040980881433266, 0.006624903657295257, -0.8023538875621883, 0.05700113141868641, -0.5051657901259056, 
================================================================
Iteration 1000: 
Cost: 21.580111240819342
Theta: 0.009629271416854945, -0.11198362244735317, 0.1250871803845675, 0.0258627457078678, 2.8276133354184583, -16.690525120963784, 3.9277518189153047, 0.08562307361661338, -1.3352467667056842, 0.2057101991209525, 0.006639212047135612, -0.7886253190213537, 0.05644990292828328, -0.5024066871337575, 
================================================================
Iteration 1100: 
Cost: 21.355778085364875
Theta: 0.01049784061293317, -0.11456512580375638, 0.12487006650293679, 0.025374186743580447, 2.8276247343033245, -16.69019890380782, 3.9336532798676207, 0.08507234435727475, -1.329852074905745, 0.20099354242836992, 0.006497250538957896, -0.7746621543582137, 0.05577649211231681, -0.4997403650771131, 
================================================================
Iteration 1200: 
Cost: 21.14262492745246
Theta: 0.01132641019102096, -0.11699965074840517, 0.12448891765743111, 0.024903746048480318, 2.82763782152771, -16.68988668851315, 3.939293899250357, 0.08445295872672182, -1.3247314761031868, 0.19658295501448284, 0.0065203260320371844, -0.7614025617877813, 0.05527410839084072, -0.4973263453041591, 
================================================================
Iteration 1300: 
Cost: 20.933275476008294
Theta: 0.012173762359263552, -0.11946376729432306, 0.12397548743782481, 0.02440973549361866, 2.827653478437322, -16.689566421536828, 3.9450740628700287, 0.08372264379641786, -1.3195190033697695, 0.19214992017888638, 0.006414435149441837, -0.747908557626409, 0.05466472126946154, -0.49498968787470515, 
================================================================
Iteration 1400: 
Cost: 20.73548276746225
Theta: 0.012982605474102996, -0.12178855105047892, 0.12341186773635437, 0.023933098308099435, 2.827670648250734, -16.689259633726948, 3.9506023769845044, 0.08300234928427128, -1.3145677885936995, 0.18799963568102443, 0.006433492250417964, -0.7350911779183715, 0.054187301293138625, -0.49287401348056115, 
================================================================
Iteration 1500: 
Cost: 20.539928085116436
Theta: 0.013810281422988353, -0.1241420183222398, 0.12278135974743803, 0.023434103128966214, 2.8276904825060263, -16.688944669713166, 3.9562707148930722, 0.08222465124400505, -1.309524805778502, 0.18382602254537236, 0.006348376925955212, -0.7220428467650986, 0.05362007571869649, -0.49082712960511216, 
================================================================
Iteration 1600: 
Cost: 20.35590095924962
Theta: 0.014600613837345242, -0.12636280988111545, 0.1221496517594849, 0.02295296013515558, 2.8277116112225755, -16.68864282450608, 3.961693714911039, 0.0814874239857673, -1.3047328787806383, 0.17991663599601476, 0.006359407808610809, -0.7096473090769545, 0.05315811698532986, -0.4889766612759298, 
================================================================
Iteration 1700: 
Cost: 20.17315831024784
Theta: 0.015409656750355645, -0.128611082501054, 0.12148016322693508, 0.02245120445968651, 2.827735464007177, -16.68833277296299, 3.9672558303701173, 0.08071777346603214, -1.299850564408867, 0.175984892339376, 0.006287179600635649, -0.697025718335915, 0.05262218699383166, -0.48718954861105646, 
================================================================
Iteration 1800: 
Cost: 20.00162856454322
Theta: 0.016182364496117537, -0.13073275125887643, 0.12083014235191536, 0.02196820045107909, 2.8277603821071686, -16.68803555416205, 3.9725780051577453, 0.07999853615180234, -1.295210416838258, 0.17230142752457017, 0.006289659455518519, -0.6850348340255952, 0.0521722091483852, -0.48557807682263776, 
================================================================
Iteration 1900: 
Cost: 19.83078514867296
Theta: 0.016973584694464066, -0.13288060873249743, 0.12015551483022355, 0.021466457514127242, 2.8277880675535743, -16.687730142091134, 3.978037785698013, 0.07925903966268916, -1.2904817967407274, 0.16859728174569533, 0.006225922581601849, -0.6728234097311063, 0.05166173574651834, -0.48402602940249867, 
================================================================
Iteration 2000: 
Cost: 19.67067778625519
Theta: 0.01772939408733166, -0.1349075346841662, 0.11950868877519093, 0.020984435066154546, 2.8278165920104517, -16.68743731288962, 3.9832624990468983, 0.07857138268382728, -1.2859871848568487, 0.16512703694034597, 0.006220584558671844, -0.6612217486890509, 0.051222687525267735, -0.4826312964871726, 
================================================================
Iteration 2100: 
Cost: 19.51087599073494
Theta: 0.018503485453742374, -0.13695935335265114, 0.11884341351577969, 0.020485512634297053, 2.827847919033086, -16.68713632373901, 3.98862305651517, 0.07786975706077952, -1.2814062225132452, 0.1616380036277208, 0.006162675109030391, -0.6494052985984221, 0.05073420444997143, -0.4812928291394665, 
================================================================
Iteration 2200: 
Cost: 19.36021080242541
Theta: 0.019268928214174738, -0.13896427994826827, 0.11818372980827595, 0.019986889027619904, 2.827881014166933, -16.686837613420455, 3.9939330867798652, 0.07717545729572589, -1.2768988833674277, 0.1582520090931254, 0.006028124964210263, -0.6377876047521676, 0.050192232814394104, -0.480057901457494, 
================================================================
Iteration 2300: 
Cost: 19.211693633515704
Theta: 0.020000629859396706, -0.14085548034580897, 0.11755903547576968, 0.01951373189731388, 2.8279146484451774, -16.686550934025796, 3.99901723043084, 0.07655587317724509, -1.272612773197052, 0.15508429713123234, 0.006096769845711145, -0.6267428156281327, 0.049837156993377874, -0.47895103161704794, 
================================================================
Iteration 2400: 
Cost: 19.069412298246068
Theta: 0.020749914467462105, -0.14277038232118822, 0.1169166045738093, 0.019022274594161802, 2.8279511081520234, -16.686256349631147, 4.004232343398813, 0.07590347953949256, -1.2682447925545226, 0.1518969994911077, 0.005982622920178256, -0.615498158576847, 0.049327710856982766, -0.4779008384803605, 
================================================================
Iteration 2500: 
Cost: 18.93166667875717
Theta: 0.021466196270897808, -0.14457670261317254, 0.11630845340935239, 0.018555995510529024, 2.827987899118077, -16.685973628915335, 4.009225449491926, 0.07531685928776662, -1.2640911463797413, 0.14891507624371114, 0.006028058909825844, -0.6048089336041288, 0.0489690575847384, -0.47696539341184935, 
================================================================
Iteration 2600: 
Cost: 18.79762128071869
Theta: 0.02219988513136168, -0.1464053776586578, 0.11568454887819617, 0.018073853612667258, 2.828027547517776, -16.685683012090553, 4.014348090858433, 0.07470420404497441, -1.2598575438445563, 0.14591614833978242, 0.005929627832136736, -0.5939242663426937, 0.048487725039332144, -0.47608334519042456, 
================================================================
Iteration 2700: 
Cost: 18.669368096225362
Theta: 0.022901296823218155, -0.14813035318056986, 0.11509376227652879, 0.017616648652058267, 2.8280673310246467, -16.68540409067974, 4.019252603455595, 0.07414957786038114, -1.2558315992469269, 0.14311056663883556, 0.005956596756733031, -0.5835779106066022, 0.04812876067769145, -0.4753037206793492, 
================================================================
Iteration 2800: 
Cost: 18.543248729191706
Theta: 0.023619926328213997, -0.14987641736965993, 0.11448862045656177, 0.017145727024337334, 2.8281100012508085, -16.68511729241583, 4.024285141185474, 0.07357405098229627, -1.2517276282353447, 0.1402902943511409, 0.005870252037215986, -0.5730407379466878, 0.04767205217985673, -0.47457459286438497, 
================================================================
Iteration 2900: 
Cost: 18.4234980635912
Theta: 0.024306990190313935, -0.15152342525248072, 0.11391532174690835, 0.016699507222981316, 2.828152621565941, -16.684842021441053, 4.029103414242898, 0.07304995800279461, -1.2478248473011637, 0.13765211439411296, 0.00588250776334994, -0.5630251464025436, 0.04731529273776928, -0.47393648685210266, 
================================================================
Iteration 3000: 
Cost: 18.3049131302394
Theta: 0.02501107415784674, -0.1531903284421498, 0.11332873584157921, 0.016241473699475435, 2.828198155670598, -16.684558900412842, 4.0340481580488, 0.07250891277253678, -1.2438459652836436, 0.1350013268489821, 0.0058054266129622945, -0.55282348307369, 0.04688040834563177, -0.4733462803122445, 
================================================================
Iteration 3100: 
Cost: 18.19286968015809
Theta: 0.02568428837581433, -0.15476259815615148, 0.11277273777233426, 0.015807887037179467, 2.828243465292023, -16.684287139845143, 4.038782472940421, 0.07201371348370891, -1.2400620097335995, 0.132522071827978, 0.005805933090316785, -0.5431270902439147, 0.0465277604011302, -0.47283656390416695, 
================================================================
Iteration 3200: 
Cost: 18.08139358464388
Theta: 0.02637431996926262, -0.156353635195759, 0.11220431639008911, 0.01536418623484238, 2.828291713891864, -16.6840075615403, 4.043641681811269, 0.07150462455926583, -1.236203860806607, 0.1300320941697108, 0.0057359158251792395, -0.5332494315065093, 0.04611242825323268, -0.4723723973574777, 
================================================================
Iteration 3300: 
Cost: 17.97639683179641
Theta: 0.02703416082052739, -0.15785425665710992, 0.1116652927100378, 0.014944641117287757, 2.828339573199361, -16.683739179139412, 4.0482942561713555, 0.07103664306861544, -1.2325345757885116, 0.12770371890240237, 0.005727011060317478, -0.5238611729245377, 0.04576531295610958, -0.47197901089095906, 
================================================================
Iteration 3400: 
Cost: 17.87159778778084
Theta: 0.027710613806465525, -0.1593725764632129, 0.11111457199471671, 0.01451651056069728, 2.8283903950314286, -16.683463015328503, 4.053070140962323, 0.07055715940454843, -1.2287929787919505, 0.12536633623324747, 0.005662342885499066, -0.5142964708211917, 0.04536767168317912, -0.47162903062472045, 
================================================================
Iteration 3500: 
Cost: 17.77308374699642
Theta: 0.028357537270147625, -0.1608045069444774, 0.11059213420380286, 0.01411219855983821, 2.8284406718815265, -16.683197885895762, 4.0576431335525704, 0.07011474912285363, -1.225234380861557, 0.12318120190522112, 0.0056458713028472544, -0.5052057510999541, 0.04502712784723008, -0.47134089458153255, 
================================================================
Iteration 3600: 
Cost: 17.674539514584428
Theta: 0.02902086698377512, -0.1622531203712111, 0.11005862617865025, 0.013700685221905514, 2.8284939333398187, -16.68292501425015, 4.062337857647273, 0.06966270342939698, -1.2216053200851131, 0.12098862926644119, 0.005585216363030869, -0.4959433934288452, 0.0446456382276655, -0.47109419470797864, 
================================================================
Iteration 3700: 
Cost: 17.581634297740795
Theta: 0.029677541695620594, -0.16366769796838138, 0.10953221269215932, 0.01329618533009617, 2.8285483768747404, -16.682653856389795, 4.066991184611395, 0.06921330166754769, -1.2180325497823064, 0.11886523652371594, 0.005461018361165332, -0.4868336682114209, 0.0442192002433465, -0.4708981059292874, 
================================================================
Iteration 3800: 
Cost: 17.489322263212685
Theta: 0.030305954214462548, -0.16500097769111616, 0.10903557166857623, 0.01291857869271679, 2.828602077334064, -16.682393322820868, 4.071449050668075, 0.06881767884464739, -1.2146332045627262, 0.11688433733717163, 0.005504953525368406, -0.4781698493072487, 0.04394578296072477, -0.4707476807886325, 
================================================================
Iteration 3900: 
Cost: 17.40106594378105
Theta: 0.030950191388951782, -0.16635007829238538, 0.1085259483446873, 0.012532334996050075, 2.8286587745904597, -16.682125264935166, 4.076024589714566, 0.06839504430181939, -1.211167093498039, 0.11489511700411377, 0.005397327855661495, -0.4693466456621923, 0.0435449782186543, -0.4706396294503212, 
================================================================
Iteration 4000: 
Cost: 17.31512696021314
Theta: 0.031566715483408246, -0.16762161420420787, 0.10804449542637985, 0.012171724159725663, 2.8287145889627427, -16.681867716829004, 4.080407837429992, 0.0680187446313764, -1.2078692553163206, 0.11303956827879186, 0.005421899712643162, -0.4609563026971121, 0.04326753038397547, -0.47057091874919715, 
================================================================
Iteration 4100: 
Cost: 17.231535353660572
Theta: 0.03219892087499659, -0.16890794686263938, 0.1075511117630695, 0.011804292014262316, 2.8287734231308757, -16.681602653965086, 4.084907589859858, 0.06762063787354593, -1.204506193775541, 0.11117762776245439, 0.0053271166489690025, -0.45241014573718036, 0.04288892068078076, -0.4705421627210718, 
================================================================
Iteration 4200: 
Cost: 17.151202403265632
Theta: 0.03280395775193361, -0.17012026229563398, 0.10708449020397434, 0.011461351663384287, 2.828831242814752, -16.68134798264828, 4.089218235476491, 0.06726278791253916, -1.2013063841670537, 0.10944113286504709, 0.005336343926511086, -0.4442839918957349, 0.0426102859558824, -0.47054685060671914, 
================================================================
Iteration 4300: 
Cost: 17.072166808284873
Theta: 0.03342452282350816, -0.1713464175412744, 0.10660681990042713, 0.011113166618514829, 2.828892103356599, -16.68108581391585, 4.093644164164604, 0.06688721622121195, -1.1980428973046222, 0.10769994334972029, 0.005251486159283692, -0.43600575058292185, 0.04225110269250815, -0.4705893464311634, 
================================================================
Iteration 4400: 
Cost: 16.99685759787477
Theta: 0.03401845653760154, -0.17250193188947474, 0.10615466009956437, 0.010788417675278899, 2.828951825374796, -16.680833916610762, 4.097884163890282, 0.06654691173250905, -1.1949377781835873, 0.10607650665893924, 0.005248531163095865, -0.4281348916673363, 0.04197344526657434, -0.47065981390261713, 
