================================================================
Iteration 1: 
Cost: 11.181350506194837
Theta: 34.97727206232181, -0.08242872378770709, 0.042799887726535576, 0.029714656769116835, 2.827525029626079, -16.69418762099299, 3.8626632386409936, 0.0007170931498854689, -1.3961854671465506, 0.26531884971131975, -0.012157620402765194, -0.9444653997037289, 0.010424216577585748, -0.548450899688497, 
================================================================
Iteration 2: 
Cost: 11.181350506194763
Theta: 34.97727206236346, -0.08242872378073417, 0.04279988772116298, 0.029714656636446263, 2.8275250296271452, -16.694187620983993, 3.862663238546616, 0.0007170932056865572, -1.3961854673867544, 0.26531884951290374, -0.012157620164157907, -0.9444653993081816, 0.010424216751599547, -0.5484508999588528, 
================================================================
Iteration 3: 
Cost: 11.18135050619443
Theta: 34.97727206277189, -0.08242872372816216, 0.04279988758657653, 0.029714655211829023, 2.827525029637251, -16.694187620898607, 3.862663237552147, 0.0007170931850803968, -1.3961854698178673, 0.26531884743918577, -0.01215762135545996, -0.9444653955041301, 0.01042421560117259, -0.5484509027702055, 
================================================================
Iteration 4: 
Cost: 11.181350506194102
Theta: 34.977272062817306, -0.08242872371314389, 0.042799887618835124, 0.029714655124848558, 2.8275250296385757, -16.69418762088746, 3.862663237481261, 0.0007170935098889562, -1.396185470044589, 0.26531884728258676, -0.012157619453327075, -0.9444653950383446, 0.010424217119359333, -0.5484509029899071, 
================================================================
Iteration 5: 
Cost: 11.18135050619394
Theta: 34.97727206285601, -0.08242872371235879, 0.04279988758414684, 0.029714654956746633, 2.8275250296394407, -16.694187620880136, 3.86266323736845, 0.0007170933557691033, -1.39618547029536, 0.26531884705177583, -0.012157620512394968, -0.9444653946978179, 0.010424216244847124, -0.548450903299083, 
================================================================
Iteration 6: 
Cost: 11.181350506193859
Theta: 34.97727206289851, -0.08242872370352501, 0.04279988758728766, 0.02971465483449567, 2.8275250296405656, -16.69418762087065, 3.8626632372793197, 0.000717093472246139, -1.3961854705325467, 0.265318846862913, -0.012157619898334839, -0.9444653942865353, 0.010424216722252173, -0.5484509035576517, 
================================================================
Iteration 7: 
Cost: 11.18135050619375
Theta: 34.977272062938866, -0.0824287236992322, 0.04279988756905734, 0.029714654686354057, 2.8275250296415435, -16.694187620862387, 3.8626632371768013, 0.0007170934358253275, -1.3961854707774126, 0.2653188466503659, -0.012157620229622476, -0.9444653939152485, 0.010424216435801664, -0.5484509038447617, 
================================================================
Iteration 8: 
Cost: 11.18135050619368
Theta: 34.97727206298043, -0.08242872369236696, 0.042799887562905044, 0.029714654552857038, 2.8275250296426044, -16.694187620853434, 3.862663237081839, 0.0007170934857885061, -1.3961854710179433, 0.26531884645121795, -0.012157620026773857, -0.9444653935213809, 0.01042421658094376, -0.5484509041156928, 
================================================================
Iteration 9: 
Cost: 11.181350506193253
Theta: 34.97727206338924, -0.0824287236381823, 0.04279988743316881, 0.029714653135301663, 2.827525029652746, -16.694187620767792, 3.862663236089439, 0.0007170934972765492, -1.3961854734477834, 0.2653188443842017, -0.012157621016265014, -0.9444653897104658, 0.010424215593802454, -0.5484509069158908, 
================================================================
Iteration 10: 
Cost: 11.181350506192988
Theta: 34.977272063433986, -0.08242872362452246, 0.04279988745876649, 0.029714653040367467, 2.827525029654025, -16.694187620757027, 3.862663236014286, 0.0007170937741756944, -1.3961854736769446, 0.2653188442203505, -0.012157619410020271, -0.9444653892573625, 0.010424216872928457, -0.5484509071440314, 
================================================================
Iteration 11: 
Cost: 11.181350506192866
Theta: 34.977272063473066, -0.08242872362286947, 0.042799887427886166, 0.02971465287699846, 2.8275250296549164, -16.694187620749485, 3.8626632359037627, 0.0007170936470365383, -1.3961854739263948, 0.2653188439938937, -0.012157620301929416, -0.9444653889099328, 0.010424216133505238, -0.5484509074476499, 
================================================================
Iteration 12: 
Cost: 11.181350506192775
Theta: 34.97727206351534, -0.08242872361442573, 0.04279988742891985, 0.029714652752312214, 2.827525029656027, -16.694187620740124, 3.862663235813216, 0.0007170937481800807, -1.396185474164385, 0.2653188438028272, -0.01215761978234001, -0.9444653885028131, 0.010424216534598227, -0.5484509077085695, 
================================================================
Iteration 13: 
Cost: 11.181350506192688
Theta: 34.977272063555816, -0.0824287236098122, 0.04279988741192453, 0.029714652605785447, 2.827525029657014, -16.694187620731793, 3.862663235711374, 0.0007170937203340373, -1.3961854744088542, 0.2653188435917817, -0.012157620060273204, -0.9444653881294369, 0.010424216291280899, -0.5484509079935622, 
================================================================
Iteration 14: 
Cost: 11.18135050619259
Theta: 34.97727206397072, -0.08242872354196866, 0.04279988734386789, 0.029714651264079524, 2.827525029667581, -16.69418762064265, 3.8626632347566923, 0.0007170941706278605, -1.3961854768169775, 0.26531884159438235, -0.012157618333480112, -0.9444653842051935, 0.010424217499147551, -0.548450910706947, 
================================================================
Iteration 15: 
Cost: 11.181350506192103
Theta: 34.977272064006435, -0.08242872354738298, 0.042799887279518466, 0.02971465106025343, 2.827525029668243, -16.694187620637024, 3.862663234625129, 0.0007170938038393285, -1.3961854770784896, 0.2653188413309347, -0.012157620706854683, -0.9444653839205691, 0.01042421556269411, -0.548450911054909, 
================================================================
Iteration 16: 
Cost: 11.181350506191903
Theta: 34.9772720640506, -0.0824287235348592, 0.042799887299501224, 0.029714650958632852, 2.827525029669484, -16.694187620626582, 3.8626632345463636, 0.0007170940403119929, -1.3961854773097144, 0.2653188411609908, -0.012157619350231755, -0.944465383478191, 0.010424216640143317, -0.548450911290091, 
================================================================
Iteration 17: 
Cost: 11.181350506191785
Theta: 34.977272064089995, -0.08242872353246407, 0.042799887271837804, 0.029714650799280276, 2.8275250296703978, -16.69418762061886, 3.862663234437758, 0.0007170939359257577, -1.396185477558056, 0.26531884093823277, -0.012157620101123359, -0.944465383124964, 0.01042421601468652, -0.5484509115889433, 
================================================================
Iteration 18: 
Cost: 11.181350506191697
Theta: 34.97727206413209, -0.0824287235243394, 0.04279988727109825, 0.029714650672563157, 2.8275250296714964, -16.6941876206096, 3.8626632343460043, 0.000717094024124777, -1.3961854777967302, 0.26531884074533274, -0.012157619661234425, -0.9444653827213825, 0.010424216351402038, -0.5484509118517684, 
================================================================
Iteration 19: 
Cost: 11.181350506191627
Theta: 34.97727206417265, -0.08242872351944534, 0.0427998872551492, 0.02971465052742232, 2.8275250296724908, -16.69418762060121, 3.862663234244721, 0.0007170940035038987, -1.3961854780408705, 0.26531884053557947, -0.01215761989415858, -0.9444653823462696, 0.010424216144474628, -0.548450912134897, 
================================================================
Iteration 20: 
Cost: 11.18135050619135
Theta: 34.97727206458691, -0.0824287234521845, 0.04279988718162454, 0.029714649180269906, 2.8275250296830228, -16.694187620512402, 3.8626632332856503, 0.0007170944120872843, -1.3961854804514262, 0.2653188385334413, -0.0121576184219054, -0.9444653784344637, 0.010424217146887306, -0.5484509148509411, 
================================================================
Iteration 21: 
Cost: 11.181350506190975
Theta: 34.97727206462346, -0.08242872345574292, 0.042799887125729436, 0.029714648986806997, 2.827525029683743, -16.69418762050629, 3.8626632331592843, 0.0007170941055184016, -1.3961854807099485, 0.2653188382794988, -0.012157620422605635, -0.9444653781342436, 0.010424215511582876, -0.5484509151871355, 
================================================================
Iteration 22: 
Cost: 11.181350506190812
Theta: 34.97727206466715, -0.08242872344416759, 0.042799887140979674, 0.029714648879569164, 2.8275250296849515, -16.694187620496123, 3.862663233077459, 0.0007170943078773729, -1.39618548094292, 0.2653188381044405, -0.01215761927657323, -0.9444653777009397, 0.010424216418893205, -0.5484509154281805, 
================================================================
Iteration 23: 
Cost: 11.1813505061907
Theta: 34.9772720647068, -0.08242872344113641, 0.04279988711603452, 0.02971464872362853, 2.827525029685884, -16.694187620488247, 3.8626632329704593, 0.0007170942226774272, -1.3961854811903318, 0.26531883788482835, -0.01215761990850063, -0.9444653773428481, 0.010424215889583333, -0.5484509157229343, 
================================================================
Iteration 24: 
Cost: 11.181350506190638
Theta: 34.97727206474873, -0.08242872343327097, 0.042799887113803406, 0.02971464859522167, 2.8275250296869725, -16.694187620479077, 3.8626632328776753, 0.0007170942999473422, -1.3961854814295884, 0.265318837690407, -0.01215761953585158, -0.9444653769422777, 0.01042421617198971, -0.5484509159872892, 
================================================================
Iteration 25: 
Cost: 11.181350506190554
Theta: 34.977272064789375, -0.0824287234281303, 0.04279988709874142, 0.029714648451273605, 2.827525029687973, -16.69418762047064, 3.862663232776851, 0.0007170942854130908, -1.3961854816734567, 0.26531883748176943, -0.012157619730807095, -0.944465376565726, 0.010424215995763434, -0.5484509162687677, 
================================================================
Iteration 26: 
Cost: 11.181350506190151
Theta: 34.977272065203074, -0.0824287233612615, 0.04279988702064771, 0.029714647099761942, 2.827525029698476, -16.694187620382113, 3.8626632318139555, 0.0007170946587210439, -1.3961854840861214, 0.2653188354758884, -0.01215761847331393, -0.9444653726646745, 0.010424216824864623, -0.5484509189862791, 
================================================================
Iteration 27: 
Cost: 11.181350506189887
Theta: 34.977272065240335, -0.0824287233632443, 0.04279988697188931, 0.029714646915065247, 2.827525029699246, -16.694187620375597, 3.8626632316919616, 0.0007170944029464752, -1.396185484342127, 0.2653188352299903, -0.012157620159617648, -0.9444653723513237, 0.010424215443619723, -0.5484509193124686, 
================================================================
Iteration 28: 
Cost: 11.181350506189736
Theta: 34.97727206528361, -0.08242872335245917, 0.042799886983151444, 0.02971464680311206, 2.827525029700427, -16.694187620365657, 3.862663231607543, 0.0007170945765174373, -1.3961854845765778, 0.2653188350506428, -0.012157619191247752, -0.9444653719257013, 0.010424216207397544, -0.548450919558382, 
================================================================
Iteration 29: 
Cost: 11.18135050618964
Theta: 34.97727206532348, -0.08242872334888147, 0.04279988696050389, 0.029714646650073364, 2.8275250297013756, -16.694187620357653, 3.862663231501885, 0.0007170945074948844, -1.3961854848232111, 0.2653188348337101, -0.012157619722815803, -0.9444653715635318, 0.010424215759201537, -0.5484509198496006, 
================================================================
Iteration 30: 
Cost: 11.181350506189562
Theta: 34.97727206536528, -0.08242872334122478, 0.04279988695701884, 0.029714646520264513, 2.8275250297024557, -16.694187620348554, 3.8626632314082197, 0.0007170945755359772, -1.396185485062965, 0.26531883463803074, -0.012157619406894552, -0.9444653711655279, 0.0104242159957927, -0.5484509201151688, 
================================================================
Iteration 31: 
Cost: 11.181350506189538
Theta: 34.97727206577237, -0.08242872328763826, 0.04279988681392636, 0.0297146450910816, 2.8275250297125147, -16.694187620263758, 3.8626632304037267, 0.0007170944814548723, -1.3961854874994122, 0.26531883256132266, -0.01215762103615822, -0.9444653673881342, 0.010424214492548949, -0.5484509229152578, 
================================================================
Iteration 32: 
Cost: 11.181350506188988
Theta: 34.97727206581921, -0.08242872326922865, 0.04279988686080518, 0.02971464502239213, 2.8275250297139407, -16.69418762025179, 3.862663230341526, 0.0007170949095893528, -1.3961854877211104, 0.26531883242157617, -0.012157618493528281, -0.9444653668960713, 0.010424216528374443, -0.5484509231131522, 
================================================================
Iteration 33: 
Cost: 11.181350506188766
Theta: 34.97727206585706, -0.08242872326987227, 0.04279988681807189, 0.029714644845114352, 2.8275250297147516, -16.694187620244932, 3.8626632302232085, 0.0007170946966576227, -1.3961854879749989, 0.2653188321824899, -0.012157619914600385, -0.9444653665716692, 0.010424215361462964, -0.5484509234308239, 
================================================================
Iteration 34: 
Cost: 11.181350506188659
Theta: 34.97727206589999, -0.08242872325974383, 0.04279988682597393, 0.029714644729206645, 2.8275250297159102, -16.694187620235187, 3.8626632301365897, 0.0007170948459335045, -1.396185488210703, 0.26531883199954936, -0.012157619096113922, -0.9444653661525534, 0.010424216004154212, -0.5484509236807672, 
================================================================
Iteration 35: 
Cost: 11.181350506188563
Theta: 34.97727206594005, -0.08242872325569514, 0.042799886805269076, 0.029714644578639586, 2.8275250297168726, -16.694187620227073, 3.8626632300320525, 0.0007170947905499652, -1.3961854884566853, 0.26531883178490256, -0.012157619543018253, -0.9444653657869699, 0.010424215624389704, -0.548450923968926, 
================================================================
Iteration 36: 
Cost: 11.181350506188515
Theta: 34.97727206598173, -0.08242872324820462, 0.042799886800730554, 0.029714644447671457, 2.827525029717946, -16.694187620218038, 3.862663229937631, 0.0007170948507966659, -1.396185488696864, 0.2653188315881874, -0.012157619274956477, -0.9444653653911572, 0.010424215822331377, -0.5484509242354404, 
================================================================
Iteration 37: 
Cost: 11.181350506188279
Theta: 34.97727206638937, -0.08242872319267973, 0.04279988666403221, 0.029714643027410795, 2.8275250297280516, -16.694187620132897, 3.86266322893618, 0.0007170947998742363, -1.3961854911314817, 0.26531882951988955, -0.01215762063403583, -0.9444653616040058, 0.010424214537618874, -0.548450927022358, 
================================================================
Iteration 38: 
Cost: 11.18135050618787
Theta: 34.977272066435305, -0.08242872317611047, 0.042799886701985305, 0.02971464294802192, 2.8275250297294168, -16.69418762012144, 3.8626632288682945, 0.0007170951638996692, -1.3961854913564327, 0.26531882937037965, -0.012157618487460503, -0.9444653611288616, 0.010424216253447293, -0.5484509272317242, 
================================================================
Iteration 39: 
Cost: 11.181350506187691
Theta: 34.97727206647366, -0.0824287231756144, 0.04279988666433934, 0.0297146427770264, 2.8275250297302628, -16.694187620114295, 3.8626632287530662, 0.0007170949871027105, -1.3961854916085403, 0.26531882913706556, -0.012157619684777882, -0.9444653607951625, 0.010424215267355184, -0.5484509275421326, 
================================================================
Iteration 40: 
Cost: 11.18135050618758
Theta: 34.97727206651629, -0.08242872316603003, 0.04279988666941109, 0.02971464265780599, 2.8275250297314023, -16.694187620104714, 3.8626632286645792, 0.0007170951158738875, -1.3961854918453078, 0.2653188289511193, -0.012157618992739675, -0.9444653603815619, 0.010424215807895855, -0.5484509277953985, 
================================================================
Iteration 41: 
Cost: 11.181350506187508
Theta: 34.97727206655651, -0.08242872316157406, 0.04279988665034953, 0.029714642509347522, 2.827525029732376, -16.69418762009651, 3.862663228560975, 0.0007170950719879402, -1.3961854920907466, 0.26531882873842644, -0.01215761936822152, -0.9444653600131245, 0.010424215485863681, -0.5484509280808989, 
================================================================
Iteration 42: 
Cost: 11.181350506187444
Theta: 34.97727206659809, -0.0824287231542138, 0.04279988664492665, 0.02971464237742483, 2.8275250297334438, -16.69418762008753, 3.862663228465904, 0.0007170951256503964, -1.3961854923312897, 0.2653188285408629, -0.012157619140537642, -0.9444653596191867, 0.010424215651201081, -0.5484509283481342, 
================================================================
Iteration 43: 
Cost: 11.181350506187064
Theta: 34.977272067006176, -0.08242872309695443, 0.04279988651366636, 0.029714640964925605, 2.8275250297435894, -16.6941876200021, 3.8626632274668977, 0.0007170951110511509, -1.3961854947644208, 0.2653188264799146, -0.012157620271704517, -0.9444653558240649, 0.010424214550863259, -0.5484509311231686, 
================================================================
Iteration 44: 
Cost: 11.18135050618677
Theta: 34.977272067051345, -0.08242872308192781, 0.04279988654409383, 0.029714640876533815, 2.827525029744903, -16.694187619991073, 3.862663227394204, 0.0007170954209836945, -1.3961854949921213, 0.2653188263221934, -0.012157618459254489, -0.9444653553632197, 0.010424215996734501, -0.5484509313421356, 
================================================================
Iteration 45: 
Cost: 11.181350506186607
Theta: 34.97727206709012, -0.08242872308046033, 0.04279988651074406, 0.029714640710861596, 2.827525029745779, -16.694187619983687, 3.86266322728157, 0.0007170952746624077, -1.3961854952427326, 0.26531882609377433, -0.01215761946780824, -0.9444653550217036, 0.010424215163188328, -0.5484509316463397, 
================================================================
Iteration 46: 
Cost: 11.181350506186519
Theta: 34.9772720671325, -0.08242872307132505, 0.042799886513432465, 0.0297146405888699, 2.827525029746902, -16.694187619974244, 3.862663227191495, 0.0007170953861265757, -1.3961854954804027, 0.2653188259053178, -0.01215761888244766, -0.944465354612782, 0.010424215617553394, -0.5484509319023315, 
================================================================
Iteration 47: 
Cost: 11.181350506186437
Theta: 34.97727206717285, -0.08242872306651557, 0.042799886495761615, 0.0297146404422137, 2.8275250297478856, -16.694187619965962, 3.8626632270886656, 0.000717095351931671, -1.3961854957253887, 0.26531882569429877, -0.01215761919767773, -0.9444653542419631, 0.0104242153442274, -0.5484509321855122, 
================================================================
Iteration 48: 
Cost: 11.181350506186375
Theta: 34.977272067214344, -0.08242872305925529, 0.04279988648959703, 0.029714640309509113, 2.8275250297489483, -16.694187619957024, 3.8626632269930345, 0.00071709540003082, -1.396185495966245, 0.26531882549604496, -0.012157619004060058, -0.944465353849633, 0.010424215482060453, -0.5484509324532788, 
================================================================
Iteration 49: 
Cost: 11.181350506185906
Theta: 34.97727206762279, -0.08242872300043351, 0.04279988636296813, 0.029714638903791616, 2.827525029759128, -16.69418761987135, 3.862663225995969, 0.0007170954159883166, -1.3961854983981787, 0.2653188234415513, -0.012157619942976284, -0.9444653500480489, 0.010424214537281623, -0.548450935217518, 
================================================================
Iteration 50: 
Cost: 11.181350506185664
Theta: 34.977272067667315, -0.08242872298669841, 0.04279988638705113, 0.029714638807828087, 2.8275250297603987, -16.69418761986069, 3.862663225919207, 0.0007170956802779518, -1.3961854986282047, 0.26531882327692824, -0.01215761841240595, -0.9444653495992931, 0.010424215755411002, -0.5484509354445076, 
================================================================
Iteration 51: 
Cost: 11.181350506185542
Theta: 34.977272067706444, -0.08242872298440153, 0.04279988635733011, 0.02971463864667012, 2.8275250297612997, -16.694187619853096, 3.862663225808749, 0.0007170955596581578, -1.3961854988775593, 0.26531882305266413, -0.012157619261715694, -0.9444653492512084, 0.010424215050558391, -0.5484509357434006, 
================================================================
Iteration 52: 
Cost: 11.181350506185472
Theta: 34.97727206774862, -0.08242872297563522, 0.042799886358012226, 0.02971463852236385, 2.8275250297624095, -16.69418761984377, 3.8626632257173217, 0.0007170956565130108, -1.3961854991159965, 0.2653188228621153, -0.012157618766353628, -0.9444653488462602, 0.010424215432224836, -0.5484509360016152, 
================================================================
Iteration 53: 
Cost: 11.181350506185376
Theta: 34.97727206778907, -0.0824287229705176, 0.042799886341518975, 0.029714638377251454, 2.8275250297634016, -16.694187619835425, 3.8626632256151336, 0.0007170956304851067, -1.396185499360606, 0.2653188226525337, -0.012157619030755887, -0.9444653484734583, 0.01042421519999028, -0.548450936282762, 
================================================================
Iteration 54: 
Cost: 11.181350506185233
Theta: 34.97727206820333, -0.0824287228986593, 0.042799886273659556, 0.029714637043842876, 2.8275250297739873, -16.69418761974642, 3.8626632246539723, 0.0007170960644566509, -1.3961855017718654, 0.2653188206644263, -0.012157617381993904, -0.9444653445639823, 0.010424216346301826, -0.5484509389641409, 
================================================================
Iteration 55: 
Cost: 11.181350506184781
Theta: 34.97727206823925, -0.08242872290309287, 0.04279988621205495, 0.02971463684414792, 2.82752502977467, -16.69418761974065, 3.8626632245234678, 0.0007170957155319869, -1.3961855020327123, 0.2653188204049287, -0.012157619642630452, -0.944465344275736, 0.010424214501092028, -0.5484509393052635, 
================================================================
Iteration 56: 
Cost: 11.181350506184591
Theta: 34.97727206828323, -0.08242872289043743, 0.04279988623078994, 0.029714636741819983, 2.8275250297759036, -16.694187619730293, 3.8626632244432613, 0.0007170959413073363, -1.3961855022647058, 0.2653188202345085, -0.012157618349864185, -0.9444653438372053, 0.010424215527093368, -0.5484509395389445, 
================================================================
Iteration 57: 
Cost: 11.181350506184478
Theta: 34.977272068322655, -0.08242872288743094, 0.0427998862041346, 0.029714636584493692, 2.827525029776826, -16.694187619722527, 3.8626632243346273, 0.0007170958423614423, -1.3961855025130057, 0.265318820013775, -0.012157619064833381, -0.9444653434836053, 0.010424214930811873, -0.5484509398332802, 
================================================================
Iteration 58: 
Cost: 11.181350506184401
Theta: 34.97727206836465, -0.082428722878966, 0.04279988620312851, 0.02971463645825811, 2.827525029777924, -16.694187619713297, 3.862663224242047, 0.0007170959268828435, -1.396185502752096, 0.26531881982148636, -0.012157618645398905, -0.9444653430820354, 0.010424215251149215, -0.5484509400932932, 
================================================================
Iteration 59: 
Cost: 11.181350506184309
Theta: 34.97727206840519, -0.08242872287357854, 0.04279988618763308, 0.029714636314471434, 2.8275250297789234, -16.694187619704895, 3.8626632241403884, 0.0007170959077362454, -1.3961855029963937, 0.2653188196131429, -0.012157618866923603, -0.9444653427075869, 0.010424215053582125, -0.5484509403726474, 
================================================================
Iteration 60: 
Cost: 11.181350506184002
Theta: 34.97727206881883, -0.08242872280224928, 0.042799886114575296, 0.029714634975928265, 2.827525029789476, -16.694187619616205, 3.8626632231750153, 0.0007170963019542418, -1.3961855054099856, 0.265318817620591, -0.012157617460655865, -0.9444653388100357, 0.01042421600417094, -0.5484509430563919, 
================================================================
Iteration 61: 
Cost: 11.181350506183673
Theta: 34.97727206885555, -0.08242872280491222, 0.042799886061025826, 0.029714634786111256, 2.827525029790214, -16.694187619609977, 3.862663223049459, 0.0007170960103963815, -1.3961855056679857, 0.2653188173701556, -0.012157619366262654, -0.9444653385069397, 0.010424214445852857, -0.5484509433862872, 
================================================================
Iteration 62: 
Cost: 11.18135050618351
Theta: 34.97727206889906, -0.08242872279315772, 0.04279988607525343, 0.029714634678437404, 2.827525029791417, -16.69418761959988, 3.8626632229663347, 0.0007170962036713488, -1.3961855059016446, 0.2653188171948701, -0.012157618274117153, -0.9444653380770612, 0.01042421530977087, -0.5484509436255367, 
================================================================
Iteration 63: 
Cost: 11.18135050618341
Theta: 34.97727206893874, -0.08242872278954269, 0.04279988605118874, 0.029714634524366915, 2.8275250297923575, -16.69418761959197, 3.8626632228592275, 0.0007170961230015965, -1.3961855061490605, 0.2653188169771406, -0.012157618875754981, -0.9444653377188346, 0.010424214805084691, -0.5484509439159511, 
================================================================
Iteration 64: 
Cost: 11.18135050618333
Theta: 34.97727206898058, -0.0824287227813221, 0.04279988604876278, 0.029714634396526992, 2.8275250297934464, -16.694187619582824, 3.8626632227656628, 0.000717096197109541, -1.3961855063887072, 0.2653188167834097, -0.012157618520377507, -0.9444653373201408, 0.010424215073684538, -0.5484509441774048, 
================================================================
Iteration 65: 
Cost: 11.181350506183271
Theta: 34.9772720690212, -0.08242872277569711, 0.04279988603411349, 0.02971463425388201, 2.8275250297944514, -16.694187619574375, 3.862663222664438, 0.0007170961837596186, -1.3961855066327475, 0.26531881657613615, -0.012157618705731706, -0.9444653369443291, 0.010424214905365468, -0.5484509444551702, 
================================================================
Iteration 66: 
Cost: 11.181350506182845
Theta: 34.9772720694343, -0.08242872270471532, 0.04279988595671375, 0.02971463291123993, 2.8275250298049768, -16.694187619485955, 3.862663221695391, 0.0007170965443544609, -1.396185509048364, 0.2653188145800886, -0.012157617504061666, -0.9444653330570992, 0.010424215690852352, -0.5484509471401448, 
================================================================
Iteration 67: 
Cost: 11.181350506182591
Theta: 34.97727206947169, -0.08242872270587463, 0.042799885909964176, 0.029714632729779488, 2.827525029805762, -16.69418761947934, 3.862663221573997, 0.0007170963011843006, -1.3961855093039681, 0.2653188143373237, -0.012157619110157437, -0.9444653327415018, 0.010424214374565872, -0.548450947460492, 
================================================================
Iteration 68: 
Cost: 11.181350506182437
Theta: 34.97727206951481, -0.08242872269487032, 0.04279988592039357, 0.029714632617618916, 2.827525029806939, -16.694187619469464, 3.8626632214883987, 0.000717096467032437, -1.3961855095390376, 0.26531881415795905, -0.012157618187263615, -0.9444653323189488, 0.010424215101747285, -0.5484509477043629, 
================================================================
Iteration 69: 
Cost: 11.181350506182353
Theta: 34.977272069554694, -0.08242872269073205, 0.042799885898518776, 0.02971463246631836, 2.827525029807895, -16.69418761946143, 3.8626632213825673, 0.0007170964017723864, -1.3961855097857134, 0.2653188139427891, -0.012157618693294103, -0.944465331956845, 0.010424214674335082, -0.5484509479913927, 
================================================================
Iteration 70: 
Cost: 11.18135050618228
Theta: 34.97727206959641, -0.08242872268270772, 0.042799885894899324, 0.02971463233714821, 2.827525029808976, -16.694187619452357, 3.86266322128816, 0.0007170964670866674, -1.3961855100258354, 0.26531881374786676, -0.012157618391959195, -0.9444653315606037, 0.010424214899289241, -0.5484509482539854, 
================================================================
Iteration 71: 
Cost: 11.181350506182197
Theta: 34.97727207000321, -0.08242872262435512, 0.04279988575558818, 0.029714630920562448, 2.827525029819079, -16.69418761936749, 3.862663220279457, 0.0007170963824040789, -1.3961855124641227, 0.2653188116844106, -0.01215761994037939, -0.9444653277912485, 0.010424213462858378, -0.5484509510174719, 
================================================================
Iteration 72: 
Cost: 11.181350506181703
Theta: 34.97727207004973, -0.08242872260608507, 0.04279988579994894, 0.029714630849621972, 2.8275250298204893, -16.694187619355677, 3.862663220215022, 0.0007170967907620924, -1.396185512687045, 0.26531881154277814, -0.012157617517758052, -0.944465327305407, 0.010424215401863763, -0.5484509512155826, 
================================================================
Iteration 73: 
Cost: 11.181350506181492
Theta: 34.977272070087686, -0.08242872260596601, 0.04279988575894029, 0.02971463067523458, 2.827525029821314, -16.69418761934874, 3.8626632200971276, 0.0007170965884045887, -1.3961855129406335, 0.2653188113065096, -0.012157618871180215, -0.9444653269792891, 0.010424214289763445, -0.5484509515277987, 
================================================================
Iteration 74: 
Cost: 11.181350506181392
Theta: 34.97727207013048, -0.0824287225955847, 0.04279988576616975, 0.029714630559312092, 2.8275250298224694, -16.694187619339047, 3.8626632200094306, 0.0007170967311061253, -1.396185513176899, 0.265318811123729, -0.012157618091074103, -0.9444653265629421, 0.01042421490159157, -0.5484509517754919, 
================================================================
Iteration 75: 
Cost: 11.181350506181317
Theta: 34.97727207017054, -0.08242872259099512, 0.04279988574614676, 0.029714630410371534, 2.827525029823438, -16.69418761933091, 3.8626632199046633, 0.0007170966788375729, -1.396185513422956, 0.2653188109107438, -0.01215761851644982, -0.9444653261975936, 0.010424214539371385, -0.5484509520595902, 
================================================================
Iteration 76: 
Cost: 11.181350506181225
Theta: 34.977272070212145, -0.0824287225831265, 0.04279988574152479, 0.029714630280102367, 2.8275250298245123, -16.694187619321895, 3.8626632198095328, 0.000717096736724715, -1.3961855136634844, 0.26531881071484165, -0.012157618260709007, -0.9444653258034476, 0.010424214727506341, -0.5484509523230675, 
================================================================
Iteration 77: 
Cost: 11.181350506180951
Theta: 34.977272070619456, -0.08242872252290134, 0.0427998856083158, 0.029714628872070215, 2.8275250298346597, -16.6941876192367, 3.8626632188036973, 0.0007170966931397348, -1.396185516100044, 0.26531880865946744, -0.012157619551741983, -0.9444653220248724, 0.010424213499264638, -0.5484509550738393, 
================================================================
Iteration 78: 
Cost: 11.181350506180598
Theta: 34.977272070665116, -0.0824287225063819, 0.042799885644174494, 0.029714628790942263, 2.827525029836012, -16.694187619225378, 3.862663218733844, 0.0007170970404221414, -1.3961855163260666, 0.2653188085085408, -0.012157617506424776, -0.9444653215551562, 0.010424215133423469, -0.548450955282862, 
================================================================
Iteration 79: 
Cost: 11.181350506180431
Theta: 34.97727207070355, -0.08242872250517451, 0.042799885608013385, 0.029714628622545067, 2.82752502983687, -16.694187619218162, 3.862663218618889, 0.0007170968724868545, -1.3961855165779604, 0.26531880827777804, -0.01215761864668631, -0.944465321220189, 0.010424214193582129, -0.5484509555881422, 
================================================================
Iteration 80: 
Cost: 11.181350506180324
Theta: 34.97727207074606, -0.08242872249530893, 0.04279988561254762, 0.02971462850347209, 2.8275250298380072, -16.694187619208627, 3.862663218529409, 0.0007170969956527023, -1.3961855168152402, 0.26531880809214103, -0.012157617987042351, -0.9444653208091037, 0.010424214708096369, -0.5484509558389838, 
================================================================
Iteration 81: 
Cost: 11.181350506180253
Theta: 34.97727207078627, -0.08242872249032876, 0.042799885594091196, 0.029714628356545664, 2.827525029838987, -16.694187619200402, 3.8626632184255274, 0.0007170969543356231, -1.3961855170607809, 0.2653188078810242, -0.012157618344377584, -0.944465320441044, 0.010424214400875622, -0.5484509561205329, 
================================================================
Iteration 82: 
Cost: 11.181350506180172
Theta: 34.97727207082778, -0.08242872248258165, 0.0427998855886278, 0.0297146282253725, 2.827525029840056, -16.694187619191435, 3.862663218329775, 0.0007170970059484761, -1.3961855173016577, 0.2653188076843208, -0.012157618127103543, -0.9444653200486915, 0.010424214557950347, -0.5484509563846804, 
================================================================
Iteration 83: 
Cost: 11.181350506179783
Theta: 34.97727207123552, -0.0824287224206782, 0.04279988546061012, 0.029714626824788017, 2.827525029850242, -16.694187619105968, 3.8626632173262383, 0.000717096996949288, -1.3961855197368163, 0.265318805636018, -0.012157619201019721, -0.9444653162625996, 0.010424213505358383, -0.5484509591239649, 
================================================================
Iteration 84: 
Cost: 11.181350506179495
Theta: 34.977272071280446, -0.08242872240562578, 0.042799885489300554, 0.029714626735088748, 2.8275250298515453, -16.694187619095054, 3.8626632172518014, 0.0007170972926980236, -1.3961855199654598, 0.26531880547727577, -0.012157617474009449, -0.944465315806513, 0.010424214882341368, -0.5484509593421172, 
================================================================
Iteration 85: 
Cost: 11.181350506179376
Theta: 34.97727207131928, -0.08242872240349038, 0.04279988545723331, 0.02971462657176819, 2.8275250298524317, -16.694187619087607, 3.862663217139315, 0.0007170971537937954, -1.3961855202159295, 0.2653188052511833, -0.012157618434444753, -0.9444653154641065, 0.01042421408782422, -0.54845095964147, 
================================================================
Iteration 86: 
Cost: 11.181350506179271
Theta: 34.977272071361554, -0.08242872239405004, 0.04279988545949811, 0.029714626450060493, 2.827525029853554, -16.694187619078203, 3.8626632170483193, 0.0007170972604702529, -1.3961855204540707, 0.2653188050631618, -0.012157617876428392, -0.9444653150574863, 0.010424214520243183, -0.5484509598948919, 
================================================================
Iteration 87: 
Cost: 11.181350506179188
Theta: 34.977272071401885, -0.08242872238873052, 0.04279988544236762, 0.029714626304856367, 2.827525029854543, -16.694187619069904, 3.862663216945173, 0.0007170972283836347, -1.3961855206991816, 0.2653188048536465, -0.012157618176364961, -0.9444653146871654, 0.010424214259423074, -0.5484509601742144, 
================================================================
Iteration 88: 
Cost: 11.181350506179129
Theta: 34.977272071443316, -0.08242872238107606, 0.04279988543619871, 0.029714626172943685, 2.8275250298556074, -16.69418761906098, 3.8626632168488837, 0.0007170972746948048, -1.3961855209403582, 0.26531880465629254, -0.012157617991544821, -0.9444653142963523, 0.010424214390296038, -0.5484509604388514, 
================================================================
Iteration 89: 
Cost: 11.181350506178644
Theta: 34.9772720718514, -0.08242872231765826, 0.04279988531260387, 0.02971462477887346, 2.8275250298658263, -16.69418761897528, 3.8626632158471654, 0.000717097294788019, -1.3961855233743914, 0.2653188026142085, -0.012157618882317617, -0.9444653105041797, 0.010424213485902431, -0.5484509631676855, 
================================================================
Iteration 90: 
Cost: 11.181350506178415
Theta: 34.97727207189571, -0.08242872230383362, 0.04279988533525128, 0.029714624681966284, 2.827525029867089, -16.694187618964715, 3.86266321576885, 0.000717097547052999, -1.3961855236052518, 0.26531880244889816, -0.012157617423842273, -0.9444653100596178, 0.010424214645926171, -0.548450963393464, 
================================================================
Iteration 91: 
Cost: 11.18135050617831
Theta: 34.977272071934884, -0.08242872230090549, 0.042799885306642055, 0.029714624522951608, 2.8275250298679993, -16.694187618957073, 3.8626632156584337, 0.000717097432631692, -1.3961855238545258, 0.2653188022267709, -0.012157618232573336, -0.9444653097109613, 0.010424213974010143, -0.5484509636877405, 
================================================================
Iteration 92: 
Cost: 11.181350506178214
Theta: 34.97727207197696, -0.08242872229181405, 0.04279988530699662, 0.029714624399044272, 2.8275250298691086, -16.69418761894778, 3.8626632155661467, 0.0007170975253887337, -1.3961855240933994, 0.2653188020367631, -0.012157617760295144, -0.9444653093081341, 0.010424214337172735, -0.5484509639432634, 
================================================================
Iteration 93: 
Cost: 11.181350506178138
Theta: 34.9772720720174, -0.0824287222861984, 0.04279988529098905, 0.029714624255316215, 2.8275250298701056, -16.69418761893942, 3.8626632154636082, 0.0007170975010806971, -1.3961855243381531, 0.2653188018286242, -0.012157618011810813, -0.9444653089359317, 0.010424214115499054, -0.5484509642206317, 
================================================================
Iteration 94: 
Cost: 11.18135050617794
Theta: 34.977272072431006, -0.0824287222103371, 0.04279988522339127, 0.029714622930181442, 2.8275250298807113, -16.694187618850545, 3.862663214496066, 0.0007170979193809235, -1.3961855267525052, 0.26531879984984846, -0.012157616437422247, -0.9444653050410464, 0.010424215203198452, -0.5484509668703735, 
================================================================
Iteration 95: 
Cost: 11.18135050617752
Theta: 34.97727207246712, -0.08242872221381854, 0.0427998851644089, 0.029714622734458924, 2.827525029881414, -16.69418761884464, 3.86266321436655, 0.0007170975874621817, -1.3961855270127286, 0.2653187995941619, -0.012157618590662136, -0.9444653047494019, 0.010424213444915138, -0.548450967204866, 
================================================================
Iteration 96: 
Cost: 11.18135050617735
Theta: 34.977272072510914, -0.08242872220101986, 0.042799885181962566, 0.029714622631494, 2.8275250298826413, -16.694187618834366, 3.8626632142849497, 0.0007170978030345321, -1.3961855272454649, 0.2653187994233358, -0.012157617358732825, -0.9444653043145886, 0.010424214421907335, -0.5484509674370025, 
================================================================
Iteration 97: 
Cost: 11.181350506177257
Theta: 34.97727207255037, -0.08242872219741314, 0.04279988515627495, 0.02971462247613494, 2.827525029883572, -16.69418761882656, 3.8626632141762682, 0.0007170977092592378, -1.3961855274937356, 0.265318799204579, -0.012157618039484088, -0.9444653039606856, 0.010424213853422652, -0.5484509677269209, 
================================================================
Iteration 98: 
Cost: 11.181350506177164
Theta: 34.97727207259228, -0.08242872218860621, 0.0427998851550223, 0.029714622350394976, 2.827525029884671, -16.69418761881736, 3.8626632140828803, 0.0007170977902649858, -1.396185527733233, 0.2653187990129208, -0.012157617639539294, -0.9444653035610843, 0.010424214158160127, -0.5484509679841406, 
================================================================
Iteration 99: 
Cost: 11.181350506177088
Theta: 34.9772720726328, -0.0824287221827309, 0.042799885139966375, 0.029714622207935217, 2.827525029885675, -16.694187618808947, 3.862663213980843, 0.0007170977725107047, -1.3961855279776911, 0.26531879880596837, -0.012157617850207952, -0.9444653031873207, 0.010424213969513013, -0.5484509682597847, 
================================================================
Iteration 100: 
Cost: 11.181350506176743
Theta: 34.97727207304582, -0.08242872210734777, 0.04279988506742703, 0.029714620877962387, 2.8275250298962495, -16.694187618720374, 3.8626632130092586, 0.0007170981529219289, -1.3961855303942803, 0.2653187968230282, -0.012157616506838111, -0.9444652993038715, 0.010424214870760267, -0.5484509709116144, 
================================================================
Iteration 101: 
Cost: 11.181350506176443
Theta: 34.977272073082695, -0.08242872210913982, 0.0427998850161195, 0.029714620691655484, 2.827525029897005, -16.694187618714032, 3.862663212884453, 0.0007170978756522152, -1.3961855306517932, 0.26531879657598173, -0.01215761832185759, -0.944465298998088, 0.010424213385786248, -0.5484509712353947, 
================================================================
Iteration 102: 
Cost: 11.181350506176294
Theta: 34.977272073126045, -0.08242872209719684, 0.042799885029380244, 0.029714620583603083, 2.8275250298982035, -16.694187618704007, 3.8626632128000704, 0.0007170980602611514, -1.3961855308861175, 0.26531879640052763, -0.012157617281051237, -0.9444652985715248, 0.010424214208369332, -0.5484509714728195, 
================================================================
Iteration 103: 
Cost: 11.181350506176189
Theta: 34.977272073165736, -0.08242872209300782, 0.04279988500616169, 0.029714620431351018, 2.8275250298991517, -16.694187618696063, 3.86266321269284, 0.0007170979838949674, -1.3961855311335476, 0.2653187961846395, -0.012157617853837292, -0.9444652982132217, 0.010424213727143833, -0.5484509717589857, 
================================================================
Iteration 104: 
Cost: 11.181350506176123
Theta: 34.977272073207494, -0.0824287220844311, 0.04279988500355747, 0.029714620304088005, 2.8275250299002415, -16.694187618686943, 3.862663212598511, 0.0007170980549785243, -1.3961855313735765, 0.26531879599161423, -0.012157617514917281, -0.9444652978163679, 0.010424213982593715, -0.5484509720175613, 
================================================================
Iteration 105: 
Cost: 11.181350506176047
Theta: 34.97727207324809, -0.08242872207832691, 0.042799884989308694, 0.029714620162721223, 2.8275250299012513, -16.694187618678487, 3.8626632124968845, 0.0007170980427447262, -1.396185531617791, 0.26531879578568796, -0.012157617691128438, -0.9444652974413134, 0.010424213821810312, -0.5484509722916753, 
================================================================
Iteration 106: 
Cost: 11.181350506175592
Theta: 34.97727207366059, -0.08242872200324898, 0.042799884912643624, 0.029714618828896883, 2.8275250299118007, -16.69418761859017, 3.86266321152177, 0.0007170983911071064, -1.3961855340363238, 0.2653187937994872, -0.012157616542675167, -0.9444652935677728, 0.010424214565776323, -0.5484509749445117, 
================================================================
Iteration 107: 
Cost: 11.181350506175361
Theta: 34.97727207369811, -0.08242872200360601, 0.04279988486781511, 0.029714618650556246, 2.827525029912601, -16.69418761858346, 3.8626632114009265, 0.000717098159932487, -1.396185534291556, 0.26531879355975496, -0.01215761807236413, -0.9444652932500872, 0.010424213311375639, -0.5484509752591793, 
================================================================
Iteration 108: 
Cost: 11.181350506175239
Theta: 34.97727207374109, -0.08242872199237512, 0.04279988487745853, 0.02971461853823487, 2.8275250299137746, -16.694187618573643, 3.8626632113141843, 0.0007170983184113283, -1.3961855345272256, 0.2653187933804218, -0.012157617192796994, -0.9444652928305103, 0.010424214003696147, -0.5484509755009901, 
================================================================
Iteration 109: 
Cost: 11.181350506175153
Theta: 34.97727207378098, -0.08242872198768503, 0.04279988485632726, 0.029714618388626927, 2.8275250299147374, -16.694187618565582, 3.8626632112081665, 0.0007170982567235413, -1.396185534773952, 0.26531879316697904, -0.012157617674502656, -0.9444652924685212, 0.010424213596086591, -0.5484509757839156, 
================================================================
Iteration 110: 
Cost: 11.181350506175066
Theta: 34.97727207382262, -0.0824287219792927, 0.04279988485258712, 0.029714618260101994, 2.8275250299158197, -16.69418761855653, 3.8626632111130315, 0.000717098319428009, -1.396185535014435, 0.2653187929728257, -0.012157617387067169, -0.9444652920740114, 0.010424213809957545, -0.5484509760435597, 
================================================================
Iteration 111: 
Cost: 11.181350506174944
Theta: 34.97727207422912, -0.08242872191622194, 0.04279988471695175, 0.029714616855884505, 2.827525029925967, -16.6941876184716, 3.86266321010011, 0.000717098243578018, -1.3961855374545797, 0.2653187909224726, -0.01215761885850773, -0.9444652883128355, 0.01042421243720503, -0.5484509787710369, 
================================================================
Iteration 112: 
Cost: 11.181350506174486
Theta: 34.977272074275334, -0.08242872189806706, 0.042799884758921006, 0.029714616782836295, 2.8275250299273633, -16.69418761845994, 3.8626632100335265, 0.0007170986330837317, -1.3961855376786787, 0.26531879077909126, -0.012157616550217272, -0.9444652878329731, 0.010424214283976758, -0.5484509789692398, 
================================================================
Iteration 113: 
Cost: 11.18135050617429
Theta: 34.97727207431339, -0.08242872189720367, 0.04279988471956268, 0.029714616611239156, 2.8275250299282013, -16.69418761845292, 3.862663209916014, 0.0007170984407877803, -1.396185537931992, 0.2653187905455548, -0.012157617839195781, -0.9444652875052728, 0.010424213224095626, -0.5484509792761446, 
================================================================
Iteration 114: 
Cost: 11.181350506174192
Theta: 34.97727207435605, -0.08242872188656372, 0.04279988472615873, 0.029714616495339293, 2.8275250299293546, -16.694187618443276, 3.862663209827269, 0.0007170985772141327, -1.3961855381688024, 0.2653187903629744, -0.01215761709565671, -0.9444652870916157, 0.010424213806524567, -0.5484509795215803, 
================================================================
Iteration 115: 
Cost: 11.181350506174102
Theta: 34.97727207439611, -0.08242872188144112, 0.04279988470679265, 0.029714616347984935, 2.82752502993033, -16.694187618435116, 3.8626632097222617, 0.0007170985279010269, -1.396185538414941, 0.2653187901516198, -0.01215761750052666, -0.9444652867265431, 0.010424213461020989, -0.5484509798016964, 
================================================================
Iteration 116: 
Cost: 11.181350506174018
Theta: 34.97727207443764, -0.08242872187319455, 0.042799884702098515, 0.029714616218418335, 2.827525029931406, -16.694187618426117, 3.862663209626435, 0.0007170985835282404, -1.3961855386558129, 0.26531878995654, -0.01215761725652719, -0.9444652863340368, 0.010424213639816323, -0.5484509800621669, 
================================================================
Iteration 117: 
Cost: 11.18135050617373
Theta: 34.97727207484463, -0.08242872180831412, 0.04279988457228704, 0.02971461482240267, 2.827525029941596, -16.694187618340873, 3.862663208616216, 0.0007170985468126533, -1.3961855410943267, 0.2653187879139557, -0.012157618482771694, -0.9444652825641534, 0.010424212465400512, -0.5484509827773667, 
================================================================
Iteration 118: 
Cost: 11.181350506173377
Theta: 34.97727207489002, -0.08242872179182441, 0.042799884606157815, 0.02971461473965462, 2.8275250299429366, -16.69418761832968, 3.862663208544467, 0.0007170988781326086, -1.3961855413213804, 0.2653187877617271, -0.012157616533922635, -0.9444652820996604, 0.010424214021758896, -0.5484509829859485, 
================================================================
Iteration 119: 
Cost: 11.181350506173228
Theta: 34.97727207492853, -0.08242872178992162, 0.042799884571418596, 0.02971461457376939, 2.8275250299438066, -16.6941876183224, 3.862663208429752, 0.0007170987186274299, -1.3961855415730806, 0.2653187875334428, -0.012157617619833017, -0.9444652817635374, 0.010424213125981645, -0.5484509832862294, 
================================================================
Iteration 120: 
Cost: 11.181350506173132
Theta: 34.97727207497093, -0.08242872177977041, 0.042799884575448095, 0.029714614454873504, 2.8275250299449426, -16.694187618312906, 3.8626632083393058, 0.000717098836441257, -1.3961855418108589, 0.2653187873481481, -0.012157616991053414, -0.9444652813549005, 0.010424213615704387, -0.5484509835346482, 
================================================================
Iteration 121: 
Cost: 11.18135050617305
Theta: 34.97727207501113, -0.08242872177427314, 0.04279988455757548, 0.02971461430944323, 2.8275250299459285, -16.694187618304664, 3.8626632082351393, 0.0007170987975593893, -1.396185542056507, 0.2653187871385804, -0.012157617331104754, -0.9444652809872526, 0.010424213322596732, -0.5484509838123194, 
================================================================
Iteration 122: 
Cost: 11.181350506172974
Theta: 34.97727207505257, -0.08242872176613975, 0.04279988455208082, 0.02971461417902074, 2.827525029946999, -16.694187618295715, 3.862663208138717, 0.0007170988472076268, -1.3961855422977123, 0.2653187869427443, -0.01215761712375138, -0.9444652805964626, 0.010424213471802788, -0.5484509840734119, 
================================================================
Iteration 123: 
Cost: 11.181350506172572
Theta: 34.97727207545996, -0.08242872169963472, 0.04279988442722551, 0.02971461279015323, 2.827525029957226, -16.69418761821021, 3.8626632071306575, 0.0007170988434229685, -1.3961855447349067, 0.26531878490696603, -0.012157618143163672, -0.9444652768194939, 0.01042421246472479, -0.5484509867775039, 
================================================================
Iteration 124: 
Cost: 11.181350506172306
Theta: 34.97727207550465, -0.08242872168454, 0.04279988445426846, 0.02971461269924497, 2.82752502995852, -16.694187618199408, 3.8626632070545392, 0.0007170991256473507, -1.396185544964459, 0.26531878474729886, -0.012157616497551987, -0.9444652763679929, 0.010424213776083607, -0.5484509869947667, 
================================================================
Iteration 125: 
Cost: 11.181350506172176
Theta: 34.97727207554354, -0.08242872168175058, 0.04279988442343034, 0.029714612538201325, 2.8275250299594172, -16.694187618191904, 3.8626632069421727, 0.0007170989937970322, -1.396185545214804, 0.2653187845234706, -0.012157617412150443, -0.9444652760247904, 0.010424213018750664, -0.5484509872893845, 
================================================================
Iteration 126: 
Cost: 11.181350506172079
Theta: 34.97727207558571, -0.0824287216720019, 0.04279988442529891, 0.029714612416800762, 2.8275250299605386, -16.694187618182536, 3.862663206850279, 0.0007170990959004134, -1.3961855454534045, 0.2653187843359113, -0.012157616880187454, -0.9444652756204147, 0.010424213430265308, -0.5484509875402449, 
================================================================
Iteration 127: 
Cost: 11.18135050617201
Theta: 34.977272075626026, -0.08242872166617876, 0.042799884408690515, 0.029714612273016548, 2.8275250299615333, -16.694187618174222, 3.86266320674681, 0.000717099065810257, -1.3961855456986447, 0.26531878412787624, -0.012157617165558169, -0.9444652752506203, 0.010424213181361892, -0.5484509878157785, 
================================================================
Iteration 128: 
Cost: 11.181350506171954
Theta: 34.97727207603966, -0.08242872158570179, 0.04279988434703341, 0.029714610961799618, 2.827525029972197, -16.69418761808513, 3.8626632057774426, 0.0007170995117684814, -1.396185548113569, 0.26531878216338606, -0.012157615401203577, -0.9444652713574604, 0.010424214423814086, -0.5484509904312025, 
================================================================
Iteration 129: 
Cost: 11.181350506171448
Theta: 34.9772720760751, -0.08242872159015767, 0.04279988428189354, 0.029714610759286195, 2.8275250299728585, -16.69418761807959, 3.862663205643517, 0.0007170991343190807, -1.3961855483762744, 0.26531878190164265, -0.012157617834067741, -0.9444652710786188, 0.010424212439715225, -0.5484509907712933, 
================================================================
Iteration 130: 
Cost: 11.18135050617122
Theta: 34.97727207611921, -0.08242872157623003, 0.04279988430318064, 0.029714610661516577, 2.8275250299741135, -16.694187618069115, 3.8626632055637007, 0.0007170993751166938, -1.39618554860794, 0.2653187817357253, -0.01215761644427783, -0.9444652706381044, 0.010424213544387058, -0.548450990995805, 
================================================================
Iteration 131: 
Cost: 11.181350506171123
Theta: 34.97727207615843, -0.08242872157268284, 0.042799884275637884, 0.02971461050458025, 2.827525029975033, -16.694187618061427, 3.8626632054533037, 0.0007170992665884225, -1.3961855488571475, 0.26531878151568145, -0.012157617214354982, -0.9444652702889552, 0.010424212903851121, -0.5484509912855705, 
================================================================
Iteration 132: 
Cost: 11.181350506171043
Theta: 34.97727207620041, -0.08242872156326397, 0.04279988427568772, 0.029714610381089485, 2.8275250299761425, -16.694187618052165, 3.8626632053601773, 0.0007170993554296646, -1.3961855490964472, 0.2653187813262368, -0.012157616764071441, -0.9444652698882006, 0.010424213249388728, -0.548450991538416, 
================================================================
Iteration 133: 
Cost: 11.181350506170968
Theta: 34.97727207624082, -0.08242872155715615, 0.04279988426015014, 0.029714610238716747, 2.827525029977145, -16.69418761804379, 3.8626632052572845, 0.0007170993327480819, -1.3961855493413486, 0.26531878111951995, -0.012157617003314252, -0.9444652695166214, 0.01042421303777878, -0.5484509918120716, 
================================================================
Iteration 134: 
Cost: 11.18135050617073
Theta: 34.9772720766538, -0.08242872147730443, 0.042799884192874685, 0.029714608921829228, 2.8275250299877728, -16.69418761795504, 3.862663204283458, 0.0007170997359990609, -1.3961855517587507, 0.26531877915011104, -0.012157615499814303, -0.9444652656361566, 0.010424214069669382, -0.5484509944305436, 
================================================================
Iteration 135: 
Cost: 11.181350506170347
Theta: 34.9772720766901, -0.08242872147986112, 0.042799884136397695, 0.029714608729927552, 2.8275250299884944, -16.694187617949005, 3.8626632041548623, 0.0007170994202691349, -1.3961855520183906, 0.2653187788981027, -0.012157617550745806, -0.9444652653413269, 0.010424212394199897, -0.5484509947586068, 
================================================================
Iteration 136: 
Cost: 11.181350506170167
Theta: 34.97727207673371, -0.0824287214669083, 0.04279988415283326, 0.02971460862639227, 2.8275250299897166, -16.69418761793881, 3.8626632040719144, 0.000717099626109571, -1.3961855522518447, 0.2653187787269376, -0.012157616376776814, -0.9444652649101071, 0.010424213324506087, -0.5484509949891591, 
================================================================
Iteration 137: 
Cost: 11.181350506170073
Theta: 34.9772720767732, -0.08242872146271207, 0.04279988412807485, 0.029714608472943774, 2.827525029990656, -16.694187617930965, 3.8626632039631668, 0.0007170995372481158, -1.396185552500098, 0.26531877851011154, -0.012157617024933776, -0.9444652645559674, 0.010424212782505046, -0.5484509952747564, 
================================================================
Iteration 138: 
Cost: 11.181350506170002
Theta: 34.97727207681501, -0.08242872145356167, 0.04279988412659463, 0.02971460834771243, 2.827525029991755, -16.69418761792179, 3.8626632038689883, 0.000717099614892687, -1.3961855527399931, 0.26531877831910156, -0.012157616643559604, -0.9444652641582935, 0.010424213072384026, -0.5484509955292021, 
================================================================
Iteration 139: 
Cost: 11.181350506169924
Theta: 34.977272076855506, -0.08242872144720392, 0.0427998841119647, 0.029714608206553226, 2.827525029992764, -16.694187617913368, 3.86266320376657, 0.0007170995984528489, -1.3961855529846146, 0.2653187781135219, -0.012157616843889791, -0.9444652637852345, 0.010424212892237448, -0.5484509958011987, 
================================================================
Iteration 140: 
Cost: 11.181350506169567
Theta: 34.97727207726791, -0.08242872136778205, 0.042799884039992214, 0.029714606885109546, 2.8275250300033625, -16.69418761782491, 3.8626632027888625, 0.0007170999655913738, -1.396185555404163, 0.265318776140215, -0.012157615560476308, -0.9444652599157402, 0.010424213746507554, -0.5484509984214964, 
================================================================
Iteration 141: 
Cost: 11.181350506169274
Theta: 34.97727207730494, -0.08242872136872678, 0.04279988399082776, 0.029714606702182983, 2.8275250300041344, -16.69418761781846, 3.8626632026647516, 0.0007170997019214068, -1.3961855556612222, 0.2653187758964446, -0.012157617289200874, -0.9444652596074483, 0.010424212331408028, -0.5484509987393382, 
================================================================
Iteration 142: 
Cost: 11.181350506169142
Theta: 34.97727207734813, -0.08242872135658659, 0.042799884003174714, 0.02971460659380637, 2.8275250300053285, -16.694187617808502, 3.8626632025791494, 0.0007170998782626586, -1.3961855558961906, 0.2653187757208776, -0.012157616297306686, -0.9444652591840956, 0.01042421311461598, -0.548450998974912, 
================================================================
Iteration 143: 
Cost: 11.181350506169041
Theta: 34.97727207738784, -0.08242872135183307, 0.042799883980769525, 0.029714606443323043, 2.827525030006284, -16.694187617800527, 3.862663202471781, 0.0007170998059843541, -1.3961855561436447, 0.2653187755067913, -0.012157616842610571, -0.9444652588257717, 0.010424212655743257, -0.5484509992569185, 
================================================================
Iteration 144: 
Cost: 11.181350506168963
Theta: 34.97727207742951, -0.08242872134289941, 0.042799883978002766, 0.029714606316646033, 2.827525030007375, -16.694187617791428, 3.8626632023767034, 0.000717099874174776, -1.396185556384048, 0.2653187753144859, -0.012157616519372484, -0.9444652584307228, 0.010424212898668588, -0.5484509995126396, 
================================================================
Iteration 145: 
Cost: 11.181350506168895
Theta: 34.977272077470076, -0.08242872133632106, 0.042799883964142825, 0.029714606176533338, 2.827525030008389, -16.694187617782966, 3.8626632022746734, 0.0007170998629923269, -1.3961855566284387, 0.26531877510989077, -0.01215761668687709, -0.9444652580564415, 0.010424212745066923, -0.5484509997831623, 
================================================================
Iteration 146: 
Cost: 11.181350506168434
Theta: 34.97727207788199, -0.0824287212571643, 0.042799883888250526, 0.029714604851473245, 2.827525030018964, -16.69418761769475, 3.8626632012935733, 0.0007171001995820736, -1.396185559049854, 0.26531877313354685, -0.012157615589157277, -0.9444652541964622, 0.010424213449506269, -0.5484510024042558, 
================================================================
Iteration 147: 
Cost: 11.181350506168185
Theta: 34.97727207791963, -0.08242872125673939, 0.0427998838452594, 0.02971460467614106, 2.8275250300197787, -16.694187617687952, 3.862663201173234, 0.0007170999798231402, -1.3961855593047419, 0.2653187728967513, -0.012157617046060613, -0.9444652538768394, 0.010424212254064173, -0.5484510027134003, 
================================================================
Iteration 148: 
Cost: 11.181350506168087
Theta: 34.97727207796247, -0.082428721245275, 0.04279988385416135, 0.02971460456370285, 2.82752503002095, -16.694187617678192, 3.862663201085381, 0.000717100131269683, -1.3961855595409938, 0.2653187727174958, -0.012157616207772424, -0.9444652534601498, 0.010424212913177144, -0.5484510029531362, 
================================================================
Iteration 149: 
Cost: 11.18135050616799
Theta: 34.977272078002365, -0.08242872124004158, 0.04279988383374568, 0.029714604415743733, 2.8275250300219197, -16.694187617670103, 3.862663200979165, 0.0007171000729731191, -1.396185559787779, 0.26531877250574604, -0.012157616666308551, -0.944465253098322, 0.010424212524435504, -0.5484510032320391, 
================================================================
Iteration 150: 
Cost: 11.181350506167941
Theta: 34.977272078043924, -0.08242872123128103, 0.042799883829897835, 0.029714604287869813, 2.8275250300230033, -16.69418761766107, 3.862663200883316, 0.0007171001331794277, -1.3961855600286164, 0.2653187723123729, -0.012157616392118036, -0.9444652527055136, 0.010424212727750827, -0.5484510034887619, 
================================================================
Iteration 151: 
Cost: 11.18135050616775
Theta: 34.97727207845012, -0.08242872116353907, 0.04279988369783699, 0.02971460289579845, 2.8275250300331956, -16.694187617576077, 3.8626631998661716, 0.0007171000656247858, -1.396185562470634, 0.26531877027497847, -0.01215761779025982, -0.9444652489526497, 0.010424211415690113, -0.5484510061808106, 
================================================================
Iteration 152: 
Cost: 11.181350506167334
Theta: 34.977272078496036, -0.0824287211454763, 0.042799883737535245, 0.0297146028207786, 2.827525030034578, -16.69418761756456, 3.8626631997975207, 0.0007171004371588831, -1.3961855626958641, 0.2653187701299786, -0.012157615590890809, -0.9444652484785353, 0.010424213174597864, -0.548451006378989, 
================================================================
Iteration 153: 
Cost: 11.181350506167151
Theta: 34.977272078534185, -0.08242872114388618, 0.04279988369975638, 0.02971460265187591, 2.827525030035429, -16.694187617557464, 3.8626631996803513, 0.0007171002544362275, -1.3961855629489255, 0.2653187698990924, -0.012157616818480406, -0.9444652481493795, 0.010424212164466398, -0.548451006680722, 
================================================================
Iteration 154: 
Cost: 11.181350506167034
Theta: 34.977272078576725, -0.08242872113298219, 0.04279988370575629, 0.029714602536033894, 2.82752503003658, -16.694187617547872, 3.8626631995905876, 0.0007171003848726171, -1.3961855631862654, 0.26531876971675034, -0.012157616109780686, -0.944465247738337, 0.010424212718890926, -0.5484510069238949, 
================================================================
Iteration 155: 
Cost: 11.181350506166975
Theta: 34.97727207861678, -0.08242872112733417, 0.042799883687023296, 0.029714602390226927, 2.8275250300375614, -16.69418761753969, 3.8626631994853313, 0.0007171003383631446, -1.396185563432492, 0.2653187695069968, -0.012157616495119362, -0.9444652473735792, 0.010424212389315306, -0.5484510072001053, 
================================================================
Iteration 156: 
Cost: 11.181350506166893
Theta: 34.97727207865824, -0.08242872111870991, 0.042799883682267684, 0.029714602261365918, 2.8275250300386388, -16.694187617530712, 3.8626631993888205, 0.0007171003918255492, -1.3961855636737013, 0.265318769312748, -0.012157616262308931, -0.9444652469826871, 0.010424212559216056, -0.548451007457599, 
================================================================
Iteration 157: 
Cost: 11.181350506166579
Theta: 34.977272079064896, -0.08242872104921836, 0.042799883555765555, 0.02971460087716065, 2.827525030048872, -16.694187617445426, 3.86266319837422, 0.0007171003615353436, -1.3961855661141804, 0.2653187672828236, -0.012157617426868557, -0.9444652432216036, 0.010424211436106062, -0.5484510101377892, 
================================================================
Iteration 158: 
Cost: 11.181350506166243
Theta: 34.97727207911003, -0.08242872103273935, 0.04279988358774979, 0.029714600792905447, 2.827525030050202, -16.694187617434352, 3.8626631983006456, 0.0007171006776367334, -1.396185566342227, 0.26531876712940233, -0.01215761556992395, -0.9444652427621385, 0.010424212918350302, -0.548451010345839, 
================================================================
Iteration 159: 
Cost: 11.181350506166098
Theta: 34.97727207914861, -0.0824287210301565, 0.0427998835543724, 0.02971460062944949, 2.8275250300510835, -16.69418761742701, 3.8626631981861386, 0.0007171005261506787, -1.3961855665937533, 0.2653187669035265, -0.012157616604060067, -0.9444652424249663, 0.010424212064553738, -0.5484510106412454, 
================================================================
Iteration 160: 
Cost: 11.181350506166018
Theta: 34.9772720791909, -0.08242872101971556, 0.04279988355792831, 0.029714600510758547, 2.827525030052218, -16.69418761741756, 3.8626631980947512, 0.0007171006388540249, -1.3961855668320169, 0.26531876671860555, -0.012157616004687132, -0.9444652420187138, 0.010424212530661585, -0.5484510108872439, 
================================================================
Iteration 161: 
Cost: 11.181350506165916
Theta: 34.977272079231085, -0.08242872101370806, 0.04279988354061913, 0.029714600366789818, 2.8275250300532098, -16.6941876174093, 3.862663197990293, 0.0007171006022802175, -1.3961855670777779, 0.2653187665105612, -0.012157616328276508, -0.9444652416515102, 0.010424212251001657, -0.5484510111611088, 
================================================================
Iteration 162: 
Cost: 11.181350506165856
Theta: 34.97727207927246, -0.08242872100518907, 0.042799883535101946, 0.029714600237118693, 2.8275250300542822, -16.694187617400363, 3.862663197893212, 0.0007171006500450045, -1.3961855673193064, 0.26531876631559875, -0.012157616130377703, -0.9444652412622607, 0.010424212392714429, -0.548451011419179, 
================================================================
Iteration 163: 
Cost: 11.181350506165426
Theta: 34.977272079679494, -0.08242872093412427, 0.04279988341333185, 0.02971459885977565, 2.8275250300645514, -16.694187617314828, 3.8626631968806397, 0.0007171006511094463, -1.3961855697585437, 0.26531876429222717, -0.012157617097902935, -0.944465237494503, 0.010424211429023611, -0.5484510140886252, 
================================================================
Iteration 164: 
Cost: 11.181350506165185
Theta: 34.97727207972397, -0.08242872091897166, 0.04279988343881259, 0.029714598767751833, 2.827525030065837, -16.694187617304127, 3.8626631968028997, 0.0007171009204380164, -1.396185569988972, 0.2653187641317264, -0.012157615529839237, -0.9444652370474224, 0.010424212677868376, -0.5484510143049288, 
================================================================
Iteration 165: 
Cost: 11.181350506165048
Theta: 34.97727207976291, -0.0824287209155416, 0.042799883409152646, 0.02971459860891348, 2.8275250300667443, -16.694187617296574, 3.8626631966906273, 0.0007171007952957699, -1.3961855702392088, 0.26531876391010256, -0.012157616400774849, -0.9444652367035133, 0.01042421195596178, -0.5484510145949241, 
================================================================
Iteration 166: 
Cost: 11.181350506164964
Theta: 34.977272079804976, -0.08242872090548158, 0.042799883410650996, 0.02971459848784169, 2.827525030067865, -16.69418761728724, 3.862663196597858, 0.0007171008930307813, -1.396185570478257, 0.2653187637230311, -0.012157615893635204, -0.944465236301328, 0.010424212347564755, -0.5484510148432324, 
================================================================
Iteration 167: 
Cost: 11.181350506164895
Theta: 34.97727207984528, -0.08242872089916108, 0.04279988339454723, 0.02971459834544633, 2.8275250300688652, -16.694187617278914, 3.862663196494061, 0.0007171008648307276, -1.3961855707236308, 0.2653187635164537, -0.012157616165133353, -0.9444652359320871, 0.010424212110016607, -0.5484510151150449, 
================================================================
Iteration 168: 
Cost: 11.18135050616478
Theta: 34.97727208025826, -0.082428720814762, 0.042799883332993095, 0.02971459704212649, 2.8275250300795505, -16.69418761718996, 3.862663195518321, 0.0007171012943294042, -1.3961855731416661, 0.26531876156105955, -0.012157614480691633, -0.9444652320537096, 0.010424213289357762, -0.5484510176998699, 
================================================================
Iteration 169: 
Cost: 11.181350506164328
Theta: 34.977272080293915, -0.082428720818232, 0.0427998832706563, 0.029714596843786245, 2.8275250300802335, -16.694187617184273, 3.8626631953855073, 0.000717100935214284, -1.3961855734036794, 0.2653187613033216, -0.012157616798012352, -0.944465231771121, 0.01042421139876583, -0.5484510180331713, 
================================================================
Iteration 170: 
Cost: 11.181350506164122
Theta: 34.977272080337826, -0.08242872080418867, 0.04279988329065473, 0.02971459674523115, 2.827525030081482, -16.69418761717389, 3.862663195304241, 0.0007171011650756839, -1.3961855736361226, 0.2653187611368734, -0.012157615473659343, -0.9444652313345142, 0.010424212450709397, -0.5484510182563643, 
================================================================
Iteration 171: 
Cost: 11.181350506163998
Theta: 34.97727208037708, -0.08242872080003416, 0.0427998832641352, 0.029714596590310893, 2.827525030082411, -16.694187617166158, 3.8626631951938415, 0.0007171010621496238, -1.396185573885277, 0.26531876091886175, -0.012157616206916355, -0.9444652309849477, 0.010424211840070606, -0.5484510185417208, 
================================================================
Iteration 172: 
Cost: 11.181350506163925
Theta: 34.97727208041896, -0.08242872079028578, 0.04279988326390197, 0.029714596467253093, 2.82752503008352, -16.694187617156928, 3.862663195099895, 0.0007171011472486695, -1.3961855741249931, 0.2653187607300011, -0.012157615777589663, -0.9444652305862193, 0.01042421216882056, -0.5484510187919043, 
================================================================
Iteration 173: 
Cost: 11.181350506163858
Theta: 34.97727208045936, -0.08242872078369153, 0.042799883248819365, 0.02971459632620762, 2.827525030084528, -16.694187617148543, 3.862663194996644, 0.0007171011261047327, -1.3961855743700458, 0.2653187605246864, -0.012157616005144301, -0.9444652302152856, 0.010424211966800673, -0.5484510190619114, 
================================================================
Iteration 174: 
Cost: 11.181350506163573
Theta: 34.97727208087171, -0.0824287206998626, 0.042799883181923376, 0.029714595017537992, 2.8275250300951793, -16.694187617059917, 3.8626631940166267, 0.0007171015149010173, -1.3961855767904565, 0.2653187585646753, -0.01215761456921264, -0.9444652263490777, 0.010424212945553082, -0.5484510216494788, 
================================================================
Iteration 175: 
Cost: 11.181350506163227
Theta: 34.977272080908186, -0.08242872070152077, 0.04279988312784039, 0.029714594829312324, 2.8275250300959196, -16.69418761705376, 3.8626631938888876, 0.000717101214581646, -1.3961855770495508, 0.26531875831621843, -0.01215761652268329, -0.9444652260512654, 0.010424211348979313, -0.5484510219713058, 
================================================================
Iteration 176: 
Cost: 11.181350506163085
Theta: 34.97727208095163, -0.08242872068840355, 0.04279988314321803, 0.02971459472526976, 2.8275250300971364, -16.69418761704364, 3.862663193804635, 0.0007171014111391632, -1.3961855772836993, 0.26531875814477784, -0.012157615403933989, -0.9444652256235208, 0.010424212234812737, -0.5484510222002373, 
================================================================
Iteration 177: 
Cost: 11.181350506162987
Theta: 34.977272080991135, -0.08242872068362819, 0.04279988311935207, 0.029714594573677432, 2.827525030098084, -16.69418761703576, 3.862663193695804, 0.0007171013269471161, -1.3961855775319463, 0.2653187579298385, -0.012157616021043486, -0.9444652252692075, 0.010424211718044241, -0.5484510224816069, 
================================================================
Iteration 178: 
Cost: 11.1813505061629
Theta: 34.977272081032865, -0.08242872067413304, 0.042799883117662266, 0.029714594448966684, 2.8275250300991837, -16.694187617026614, 3.8626631936008518, 0.0007171014013778807, -1.3961855777722312, 0.2653187577394935, -0.012157615657364257, -0.9444652248734217, 0.010424211993771066, -0.5484510227332986, 
================================================================
Iteration 179: 
Cost: 11.181350506162824
Theta: 34.97727208107334, -0.08242872066729814, 0.042799883103445395, 0.02971459430908252, 2.8275250301001975, -16.694187617018184, 3.86266319349805, 0.0007171013861784808, -1.3961855780170185, 0.265318757535269, -0.012157615847849048, -0.9444652245010858, 0.010424211821725378, -0.5484510230017092, 
================================================================
Iteration 180: 
Cost: 11.181350506162437
Theta: 34.97727208148514, -0.08242872058385323, 0.04279988303208524, 0.029714592996124677, 2.8275250301108215, -16.694187616929835, 3.862663192514306, 0.0007171017405549609, -1.3961855804394891, 0.26531875557161333, -0.012157614621589496, -0.9444652206454044, 0.01042421263127046, -0.5484510255908547, 
================================================================
Iteration 181: 
Cost: 11.181350506162172
Theta: 34.97727208152231, -0.08242872058397321, 0.04279988298496963, 0.029714592816454433, 2.8275250301116097, -16.694187616923283, 3.862663192390836, 0.0007171014898291759, -1.3961855806961265, 0.2653187553310113, -0.012157616268107966, -0.9444652203347749, 0.010424211282740375, -0.5484510259029282, 
================================================================
Iteration 182: 
Cost: 11.181350506162032
Theta: 34.977272081565346, -0.0824287205716276, 0.04279988299645328, 0.02971459270780496, 2.8275250301128003, -16.69418761691339, 3.862663192304052, 0.0007171016582823871, -1.3961855809317192, 0.26531875515538406, -0.012157615322814036, -0.9444652199145325, 0.010424212028440035, -0.5484510261366276, 
================================================================
Iteration 183: 
Cost: 11.18135050616195
Theta: 34.977272081605065, -0.08242872056631877, 0.04279988297483017, 0.02971459255904264, 2.8275250301137635, -16.69418761690538, 3.8626631921965324, 0.0007171015898866994, -1.396185581179206, 0.2653187549430617, -0.01215761584194033, -0.9444652195562406, 0.010424211590864745, -0.5484510264145602, 
================================================================
Iteration 184: 
Cost: 11.181350506161861
Theta: 34.97727208164666, -0.08242872055702753, 0.042799882971915795, 0.029714592432959885, 2.827525030114855, -16.694187616896308, 3.8626631921007206, 0.000717101655309201, -1.3961855814199764, 0.2653187547514894, -0.012157615533645385, -0.944465219162963, 0.010424211821861243, -0.5484510266674508, 
================================================================
Iteration 185: 
Cost: 11.181350506161845
Theta: 34.97727208205201, -0.08242872048655155, 0.04279988283709293, 0.02971459104414003, 2.8275250301250465, -16.694187616811597, 3.8626631910763716, 0.0007171015533830756, -1.3961855838656672, 0.26531875271869276, -0.012157617125783487, -0.9444652154280363, 0.010424210354290336, -0.5484510293373541, 
================================================================
Iteration 186: 
Cost: 11.18135050616133
Theta: 34.97727208209853, -0.08242872046676211, 0.04279988288334959, 0.029714590977727034, 2.827525030126476, -16.69418761679972, 3.86266319101128, 0.000717101970373648, -1.3961855840888096, 0.26531875258172966, -0.012157614643506837, -0.944465214942929, 0.010424212341916358, -0.5484510295241841, 
================================================================
Iteration 187: 
Cost: 11.18135050616111
Theta: 34.977272082136274, -0.08242872046557476, 0.04279988284211608, 0.02971459080529682, 2.827525030127305, -16.694187616792835, 3.862663190891401, 0.0007171017614782246, -1.3961855843433797, 0.2653187523477792, -0.012157616031074021, -0.9444652146215126, 0.010424211202644385, -0.548451029827956, 
================================================================
Iteration 188: 
Cost: 11.181350506161003
Theta: 34.97727208217898, -0.08242872045387041, 0.042799882850318875, 0.02971459069278326, 2.8275250301284736, -16.69418761678313, 3.86266319080247, 0.0007171019062136794, -1.3961855845801963, 0.265318752168645, -0.012157615232114087, -0.9444652142076253, 0.010424211830124784, -0.5484510300656044, 
================================================================
Iteration 189: 
Cost: 11.181350506160914
Theta: 34.97727208221888, -0.08242872044810186, 0.04279988283059214, 0.029714590546430848, 2.82752503012945, -16.694187616775015, 3.8626631906960442, 0.0007171018511360666, -1.3961855848270477, 0.26531875195855537, -0.012157615668581194, -0.944465213846003, 0.010424211459360599, -0.5484510303405642, 
================================================================
Iteration 190: 
Cost: 11.18135050616083
Theta: 34.97727208226036, -0.082428720438973, 0.042799882826648906, 0.02971459041921306, 2.827525030130535, -16.694187616766, 3.8626631905994953, 0.0007171019089507695, -1.396185585068233, 0.2653187517659728, -0.012157615407012174, -0.9444652134548674, 0.01042421165262284, -0.548451030594393, 
================================================================
Iteration 191: 
Cost: 11.181350506160612
Theta: 34.977272082666246, -0.08242872036660581, 0.04279988269806548, 0.02971458903907214, 2.8275250301407726, -16.694187616680956, 3.862663189578124, 0.0007171018491816093, -1.396185587512138, 0.2653187497413968, -0.012157616735361107, -0.9444652097104405, 0.01042421039840881, -0.5484510332515818, 
================================================================
Iteration 192: 
Cost: 11.181350506160241
Theta: 34.977272082711885, -0.08242872034861327, 0.04279988273560744, 0.029714588962209895, 2.8275250301421426, -16.694187616669577, 3.8626631895074826, 0.0007171022035832109, -1.3961855877384561, 0.26531874959490237, -0.01215761463976053, -0.9444652092418537, 0.010424212073615078, -0.5484510334496264, 
================================================================
Iteration 193: 
Cost: 11.181350506160056
Theta: 34.97727208275012, -0.08242872034631334, 0.04279988269934047, 0.029714588795909984, 2.827525030143006, -16.69418761666241, 3.86266318939062, 0.000717102029968935, -1.396185587991288, 0.26531874936658834, -0.012157615808871085, -0.9444652089113631, 0.01042421111088083, -0.5484510337463216, 
================================================================
Iteration 194: 
Cost: 11.181350506159948
Theta: 34.97727208279253, -0.08242872033514033, 0.042799882704779656, 0.029714588680158964, 2.8275250301441557, -16.694187616652865, 3.8626631892998655, 0.0007171021546872443, -1.3961855882291427, 0.26531874918452053, -0.012157615133364936, -0.9444652085028632, 0.01042421163862954, -0.5484510339872283, 
================================================================
Iteration 195: 
Cost: 11.18135050615989
Theta: 34.977272082832584, -0.08242872032897428, 0.04279988268665698, 0.029714588535862015, 2.827525030145144, -16.694187616644662, 3.8626631891943517, 0.0007171021108369901, -1.3961855884754635, 0.2653187489763395, -0.01215761550010053, -0.9444652081384572, 0.010424211324230664, -0.5484510342596072, 
================================================================
Iteration 196: 
Cost: 11.18135050615981
Theta: 34.977272082873974, -0.08242872031997273, 0.04279988268185, 0.02971458840770907, 2.827525030146223, -16.6941876166357, 3.8626631890971694, 0.0007171021622253813, -1.3961855887170045, 0.2653187487829296, -0.01215761527795302, -0.9444652077491548, 0.010424211485660717, -0.5484510345141544, 
================================================================
Iteration 197: 
Cost: 11.181350506159442
Theta: 34.97727208328029, -0.08242872024591341, 0.042799882558572554, 0.029714587035113836, 2.8275250301565, -16.694187616550373, 3.8626631880781925, 0.0007171021379394738, -1.3961855911594587, 0.2653187467655387, -0.012157616383783881, -0.9444652039969728, 0.010424210411455664, -0.548451037159886, 
================================================================
Iteration 198: 
Cost: 11.181350506159154
Theta: 34.97727208332518, -0.08242872022942711, 0.04279988258876676, 0.029714586949458673, 2.82752503015782, -16.694187616539416, 3.862663188002858, 0.000717102439531129, -1.3961855913884613, 0.2653187466110284, -0.012157614614396224, -0.9444652035423493, 0.010424211823097407, -0.5484510373673185, 
================================================================
Iteration 199: 
Cost: 11.181350506159017
Theta: 34.97727208336383, -0.0824287202261789, 0.04279988255669392, 0.029714586788352815, 2.8275250301587125, -16.694187616532012, 3.862663187888529, 0.0007171022956728758, -1.3961855916398322, 0.26531874638749436, -0.012157615599212832, -0.9444652032042293, 0.01042421100929683, -0.5484510376579707, 
================================================================
Iteration 200: 
Cost: 11.181350506158926
Theta: 34.977272083406, -0.08242872021544448, 0.042799882559805866, 0.029714586669892944, 2.8275250301598462, -16.6941876165226, 3.8626631877962248, 0.0007171024034960231, -1.3961855918785684, 0.2653187462029767, -0.012157615027857924, -0.9444652028003002, 0.010424211452910608, -0.548451037901553, 
================================================================
Iteration 201: 
Cost: 11.181350506158863
Theta: 34.97727208344618, -0.08242872020893341, 0.04279988254304063, 0.029714586527352396, 2.8275250301608437, -16.694187616514323, 3.862663187691468, 0.0007171023691093421, -1.396185592124447, 0.2653187459964308, -0.012157615335768264, -0.9444652024335718, 0.01042421118606457, -0.5484510381716815, 
================================================================
Iteration 202: 
Cost: 11.181350506158784
Theta: 34.977272083487485, -0.08242872020002959, 0.04279988253750918, 0.02971458639843288, 2.8275250301619184, -16.694187616505406, 3.862663187593739, 0.0007171024150681804, -1.3961855923662938, 0.26531874580234793, -0.012157615146880019, -0.9444652020458416, 0.010424211320641606, -0.5484510384267618, 
================================================================
Iteration 203: 
Cost: 11.181350506158342
Theta: 34.97727208389416, -0.08242872012444614, 0.04279988241875018, 0.029714585032426903, 2.82752503017223, -16.694187616419843, 3.8626631865766647, 0.0007171024206356246, -1.3961855948075796, 0.26531874379126824, -0.012157616065009943, -0.9444651982873766, 0.01042421039831241, -0.5484510410620982, 
================================================================
Iteration 204: 
Cost: 11.181350506158106
Theta: 34.977272083938416, -0.08242872010922091, 0.04279988244274983, 0.029714584939376107, 2.8275250301735078, -16.69418761640924, 3.862663186497359, 0.0007171026776671578, -1.3961855950388526, 0.2653187436300205, -0.012157614570827124, -0.9444651978445588, 0.010424211587604995, -0.5484510412773778, 
================================================================
Iteration 205: 
Cost: 11.181350506157997
Theta: 34.977272083977404, -0.08242872010516306, 0.04279988241421948, 0.029714584782674424, 2.827525030174425, -16.69418761640164, 3.8626631863851553, 0.0007171025589038273, -1.3961855952889966, 0.265318743410544, -0.012157615400170187, -0.9444651975000286, 0.010424210899450687, -0.548451041562859, 
================================================================
Iteration 206: 
Cost: 11.181350506157914
Theta: 34.97727208401937, -0.08242872009478898, 0.04279988241537232, 0.029714584661951607, 2.8275250301755457, -16.69418761639234, 3.8626631862915315, 0.0007171026524656065, -1.3961855955284819, 0.26531874322398447, -0.012157614916682461, -0.9444651970999814, 0.010424211272087307, -0.5484510418086259, 
================================================================
Iteration 207: 
Cost: 11.181350506157838
Theta: 34.97727208405965, -0.0824287200879772, 0.042799882399756475, 0.029714584520915122, 2.8275250301765515, -16.694187616384, 3.862663186187402, 0.0007171026260545544, -1.396185595773993, 0.265318743018843, -0.012157615174968266, -0.9444651967313196, 0.010424211045359745, -0.5484510420767831, 
================================================================
Iteration 208: 
Cost: 11.181350506157683
Theta: 34.977272084471984, -0.08242871999966712, 0.04279988233837226, 0.02971458322547613, 2.82752503018726, -16.69418761629518, 3.8626631852053883, 0.0007171030397564939, -1.3961855981950948, 0.2653187410725864, -0.012157613566692295, -0.9444651928675423, 0.010424212164605406, -0.5484510446313557, 
================================================================
Iteration 209: 
Cost: 11.181350506157246
Theta: 34.977272084507845, -0.08242872000218046, 0.042799882278713036, 0.029714583031147244, 2.8275250301879638, -16.694187616289355, 3.8626631850736133, 0.0007171026980961639, -1.3961855984564588, 0.2653187408187116, -0.012157615773942525, -0.9444651925814357, 0.010424210363096952, -0.5484510449580791, 
================================================================
Iteration 210: 
Cost: 11.181350506157067
Theta: 34.97727208455157, -0.08242871998800945, 0.04279988229749098, 0.029714582931879566, 2.827525030189206, -16.694187616279052, 3.8626631849909456, 0.0007171029175274164, -1.3961855986896528, 0.2653187406518049, -0.012157614511932448, -0.9444651921486035, 0.010424211364811012, -0.548451045179906, 
================================================================
Iteration 211: 
Cost: 11.18135050615696
Theta: 34.97727208459085, -0.08242871998325892, 0.042799882271953395, 0.029714582778915654, 2.827525030190144, -16.69418761627128, 3.8626631848805237, 0.0007171028199267659, -1.396185598938767, 0.26531874043577636, -0.012157615210115833, -0.9444651917986912, 0.010424210782656937, -0.5484510454609521, 
================================================================
Iteration 212: 
Cost: 11.181350506156877
Theta: 34.977272084632645, -0.08242871997317919, 0.04279988227145767, 0.029714582656306034, 2.8275250301912536, -16.694187616262077, 3.8626631847857755, 0.000717102901449153, -1.3961855991788898, 0.2653187402475192, -0.012157614800757499, -0.944465191401945, 0.010424211095416736, -0.5484510457084895, 
================================================================
Iteration 213: 
Cost: 11.181350506156816
Theta: 34.97727208467302, -0.08242871996610408, 0.04279988225681569, 0.0297145825165607, 2.8275250301922665, -16.694187616253682, 3.8626631846821633, 0.0007171028817584632, -1.3961855994240966, 0.26531874004358746, -0.012157615017180838, -0.944465191031678, 0.010424210902535737, -0.5484510459749109, 
================================================================
Iteration 214: 
Cost: 11.1813505061565
Theta: 34.97727208508475, -0.08242871987831182, 0.04279988219035293, 0.029714581216076966, 2.8275250302029433, -16.694187616165177, 3.8626631836960454, 0.000717103256668307, -1.3961856018474763, 0.26531873809300105, -0.012157613645654193, -0.9444651871795695, 0.010424211830693746, -0.5484510485319368, 
================================================================
Iteration 215: 
Cost: 11.18135050615618
Theta: 34.97727208512139, -0.0824287198790966, 0.04279988213855777, 0.029714581031388944, 2.8275250302037014, -16.694187616158903, 3.862663183569102, 0.0007171029710183222, -1.3961856021060612, 0.2653187378479747, -0.012157615506281616, -0.9444651868789675, 0.010424210309283357, -0.5484510488477131, 
================================================================
Iteration 216: 
Cost: 11.181350506156024
Theta: 34.977272085164664, -0.08242871986580533, 0.04279988215293474, 0.029714580926898777, 2.8275250302049137, -16.694187616148856, 3.862663183483586, 0.0007171031587208126, -1.3961856023408812, 0.26531873767631886, -0.012157614440141308, -0.9444651864545853, 0.010424211152752291, -0.548451049074991, 
================================================================
Iteration 217: 
Cost: 11.181350506155937
Theta: 34.97727208520419, -0.08242871986046081, 0.04279988212992613, 0.0297145807771104, 2.8275250302058694, -16.69418761614094, 3.8626631833746554, 0.0007171030789655292, -1.3961856025891324, 0.2653187374632241, -0.01215761502767675, -0.9444651861001584, 0.010424210660024589, -0.5484510493522231, 
================================================================
Iteration 218: 
Cost: 11.181350506155871
Theta: 34.977272085245836, -0.08242871985061978, 0.04279988212804384, 0.02971458065293126, 2.8275250302069703, -16.69418761613182, 3.8626631832789466, 0.0007171031503230517, -1.3961856028297985, 0.2653187372735597, -0.012157614680858304, -0.9444651857062228, 0.010424210922272057, -0.5484510496011813, 
================================================================
Iteration 219: 
Cost: 11.181350506155782
Theta: 34.97727208528628, -0.0824287198433129, 0.04279988211422763, 0.029714580514297418, 2.827525030207989, -16.69418761612338, 3.8626631831757594, 0.0007171031362937767, -1.3961856030747541, 0.26531873707067344, -0.012157614861967399, -0.9444651853346276, 0.01042421075794652, -0.5484510498660659, 
================================================================
Iteration 220: 
Cost: 11.18135050615539
Theta: 34.97727208569749, -0.08242871975586118, 0.04279988204352247, 0.029714579209780167, 2.82752503021864, -16.694187616035137, 3.862663182186062, 0.0007171034783966805, -1.396185605500111, 0.2653187351166835, -0.012157613690191056, -0.9444651814926224, 0.010424211524912458, -0.5484510524244363, 
================================================================
Iteration 221: 
Cost: 11.18135050615512
Theta: 34.97727208573479, -0.08242871975517806, 0.042799881998365846, 0.02971457903324767, 2.827525030219444, -16.694187616028486, 3.8626631820631836, 0.000717103239990588, -1.3961856057563566, 0.265318734879147, -0.012157615258399543, -0.9444651811798176, 0.010424210239802459, -0.5484510527309049, 
================================================================
Iteration 222: 
Cost: 11.181350506154995
Theta: 34.977272085777685, -0.08242871974261934, 0.04279988200903422, 0.029714578924373868, 2.827525030220631, -16.694187616018652, 3.8626631819752535, 0.0007171034009177056, -1.3961856059925541, 0.2653187347035095, -0.012157614357502834, -0.94446518076259, 0.010424210949772701, -0.5484510529627089, 
================================================================
Iteration 223: 
Cost: 11.181350506154915
Theta: 34.97727208581741, -0.08242871973676409, 0.04279988198816333, 0.029714578777286674, 2.8275250302216017, -16.694187616010616, 3.862663181867569, 0.0007171033362092234, -1.3961856062400828, 0.2653187344929146, -0.012157614851694646, -0.9444651804043804, 0.010424210532489169, -0.5484510532366509, 
================================================================
Iteration 224: 
Cost: 11.181350506154846
Theta: 34.97727208585893, -0.08242871972711481, 0.04279988198511548, 0.029714578651805646, 2.8275250302226946, -16.694187616001564, 3.862663181771038, 0.0007171033989833134, -1.3961856064812128, 0.2653187343020879, -0.012157614557638793, -0.944465180012842, 0.010424210752124501, -0.5484510534867354, 
================================================================
Iteration 225: 
Cost: 11.181350506154756
Theta: 34.97727208626399, -0.08242871965199444, 0.04279988185396187, 0.02971457727506615, 2.827525030232934, -16.69418761591679, 3.8626631807426306, 0.0007171033063712488, -1.3961856089287041, 0.2653187322822943, -0.012157616070830381, -0.9444651762859445, 0.010424209349786226, -0.548451056121892, 
================================================================
Iteration 226: 
Cost: 11.18135050615427
Theta: 34.977272086310194, -0.08242871963234213, 0.042799881897757866, 0.029714577206433647, 2.827525030234349, -16.694187615905065, 3.862663180675363, 0.0007171037040675286, -1.396185609153042, 0.2653187321434963, -0.012157613705718306, -0.9444651758069295, 0.010424211242885423, -0.5484510563090319, 
================================================================
Iteration 227: 
Cost: 11.181350506154079
Theta: 34.977272086348044, -0.08242871963041104, 0.0427998818582059, 0.02971457703680356, 2.8275250302351917, -16.694187615898098, 3.8626631805559017, 0.0007171035055096855, -1.39618560940732, 0.26531873191230326, -0.012157615027235984, -0.944465175483856, 0.010424210157126695, -0.5484510566075761, 
================================================================
Iteration 228: 
Cost: 11.18135050615397
Theta: 34.97727208639061, -0.08242871961846071, 0.04279988186574978, 0.029714576924253767, 2.827525030236358, -16.694187615888442, 3.862663180465923, 0.0007171036438402869, -1.396185609644685, 0.2653187317333317, -0.012157614265745654, -0.9444651750726901, 0.010424210754475131, -0.5484510568431262, 
================================================================
Iteration 229: 
Cost: 11.181350506153901
Theta: 34.97727208643052, -0.08242871961216497, 0.04279988184668651, 0.029714576779467535, 2.827525030237341, -16.694187615880306, 3.862663180359278, 0.0007171035918176732, -1.3961856098916097, 0.26531873152487073, -0.012157614681192256, -0.9444651747113153, 0.010424210400839972, -0.5484510571142204, 
================================================================
Iteration 230: 
Cost: 11.181350506153828
Theta: 34.97727208647193, -0.08242871960266784, 0.04279988184265956, 0.02971457665291036, 2.827525030238428, -16.69418761587131, 3.862663180262042, 0.0007171036473424848, -1.3961856101331367, 0.2653187313330884, -0.012157614431650622, -0.944465174321825, 0.01042421058452797, -0.5484510573651828, 
================================================================
Iteration 231: 
Cost: 11.18135050615356
Theta: 34.97727208687749, -0.08242871952572058, 0.04279988171746035, 0.029714575284490407, 2.8275250302487116, -16.694187615786216, 3.862663179236442, 0.0007171035948747844, -1.3961856125789418, 0.26531872932119466, -0.012157615693547326, -0.9444651705859523, 0.010424209385449263, -0.5484510599880688, 
================================================================
Iteration 232: 
Cost: 11.181350506153208
Theta: 34.97727208692286, -0.08242871950777757, 0.04279988175295528, 0.029714575205908523, 2.8275250302500696, -16.69418761577497, 3.862663179163885, 0.0007171039329437103, -1.3961856128063064, 0.2653187291733235, -0.012157613696804615, -0.9444651701226832, 0.010424210980920662, -0.5484510601858764, 
================================================================
Iteration 233: 
Cost: 11.181350506153041
Theta: 34.97727208696117, -0.08242871950478403, 0.04279988171813574, 0.02971457504212364, 2.8275250302509454, -16.69418761576773, 3.8626631790472947, 0.0007171037679949584, -1.3961856130589296, 0.2653187289475068, -0.012157614810209041, -0.9444651697909726, 0.010424210063341861, -0.5484510604776632, 
================================================================
Iteration 234: 
Cost: 11.181350506152956
Theta: 34.97727208700347, -0.08242871949333735, 0.042799881723047904, 0.029714574926494815, 2.827525030252094, -16.694187615758228, 3.862663178955576, 0.0007171038872544663, -1.396185613297285, 0.26531872876574736, -0.012157614166328061, -0.9444651693849465, 0.010424210565680837, -0.5484510607163016, 
================================================================
Iteration 235: 
Cost: 11.18135050615287
Theta: 34.97727208704352, -0.08242871948666042, 0.04279988170551378, 0.029714574783671874, 2.827525030253088, -16.694187615750007, 3.8626631788497967, 0.0007171038459259835, -1.3961856135437056, 0.2653187285591115, -0.012157614515345132, -0.9444651690209273, 0.010424210265742752, -0.5484510609849211, 
================================================================
Iteration 236: 
Cost: 11.181350506152809
Theta: 34.977272087084835, -0.08242871947728206, 0.042799881700665, 0.029714574656228964, 2.8275250302541695, -16.69418761574106, 3.862663178751954, 0.0007171038953270735, -1.396185613785573, 0.26531872836654785, -0.01215761430335911, -0.9444651686331907, 0.010424210419106066, -0.5484510612365522, 
================================================================
Iteration 237: 
Cost: 11.181350506152425
Theta: 34.97727208749081, -0.08242871939869754, 0.04279988158053093, 0.029714573295048872, 2.8275250302644914, -16.6941876156557, 3.862663177728606, 0.0007171038766460841, -1.3961856162300108, 0.2653187263615673, -0.012157615353277673, -0.9444651648900052, 0.010424209391518108, -0.5484510638483653, 
================================================================
Iteration 238: 
Cost: 11.181350506152151
Theta: 34.97727208753546, -0.08242871938218696, 0.04279988160902701, 0.029714573208095493, 2.827525030265802, -16.694187615644854, 3.8626631776515747, 0.0007171041644036156, -1.3961856164599344, 0.2653187262060666, -0.012157613667304303, -0.9444651644400457, 0.010424210735903479, -0.5484510640551007, 
================================================================
Iteration 239: 
Cost: 11.181350506152016
Theta: 34.977272087574164, -0.08242871937828754, 0.04279988157820407, 0.029714573049263896, 2.827525030266705, -16.694187615637393, 3.862663177537395, 0.0007171040278004726, -1.3961856167111675, 0.2653187259848105, -0.012157614605140409, -0.9444651641010745, 0.010424209960207717, -0.5484510643411148, 
================================================================
Iteration 240: 
Cost: 11.181350506151942
Theta: 34.97727208761623, -0.08242871936725615, 0.04279988158090021, 0.0297145729310596, 2.8275250302678385, -16.694187615628017, 3.862663177444197, 0.000717104130963034, -1.396185616950364, 0.26531872580072396, -0.012157614060480302, -0.9444651636994104, 0.010424210382395408, -0.5484510645822865, 
================================================================
Iteration 241: 
Cost: 11.181350506151857
Theta: 34.977272087656395, -0.08242871936024802, 0.042799881564660296, 0.029714572789915038, 2.827525030268842, -16.694187615619725, 3.8626631773391362, 0.0007171040986484288, -1.396185617196365, 0.2653187255956526, -0.012157614353457602, -0.9444651633331861, 0.010424210127759268, -0.5484510648487465, 
================================================================
Iteration 242: 
Cost: 11.181350506151853
Theta: 34.97727208806877, -0.08242871926737032, 0.04279988150928118, 0.029714571508234488, 2.8275250302796118, -16.694187615530687, 3.862663176355477, 0.0007171045409177257, -1.3961856196179654, 0.2653187236636733, -0.012157612550449164, -0.9444651594708748, 0.010424211405579364, -0.5484510673699785, 
