================================================================
Iteration 100: 
Cost: 11.181350506134269
Theta: 34.977272098385704, -0.08242871699427966, 0.04279987916080211, 0.029714538177506536, 2.8275250305463913, -16.69418761333678, 3.862663150671337, 0.000717108410354795, -1.3961856813254008, 0.26531867402420256, -0.012157611515948252, -0.9444650640099475, 0.010424207758154825, -0.548451131473544, 
================================================================
Iteration 200: 
Cost: 11.181350506117516
Theta: 34.97727210904455, -0.08242871435663157, 0.04279987689988931, 0.029714504347078827, 2.827525030825589, -16.69418761106437, 3.862663123777149, 0.0007171125730686813, -1.3961857453659756, 0.2653186233860617, -0.012157608160289213, -0.9444649657952997, 0.010424205918535434, -0.5484511957698396, 
================================================================
Iteration 300: 
Cost: 11.181350506100877
Theta: 34.97727211930369, -0.08242871156038496, 0.04279987478336655, 0.029714472207961116, 2.82752503109752, -16.694187608875122, 3.862663097467237, 0.0007171160649057138, -1.3961858073721491, 0.2653185751138906, -0.012157606956964108, -0.9444648717502026, 0.010424202582956413, -0.5484512560353779, 
