0.061981454 -0.238978363 -0.246136327 -0.203351228 -0.137140068 -0.282739548 -0.049455019 -0.207743615 -0.067024565 0
0.061981454 0.09435497 0.087197007 0.241093216 0.418415487 0.717260452 -0.049455019 -0.096632504 -0.067024565 0
-0.160240768 -0.238978363 -0.246136327 -0.203351228 -0.137140068 -0.171628437 -0.049455019 -0.207743615 -0.067024565 0
0.173092565 0.538799414 0.531641451 -0.203351228 -0.026028957 0.050593786 -0.049455019 0.458923052 -0.067024565 0
-0.049129657 -0.238978363 -0.246136327 0.018870994 -0.137140068 -0.282739548 -0.049455019 -0.207743615 -0.067024565 0
0.395314788 0.761021637 0.753863673 0.57442655 0.418415487 0.717260452 0.617211648 0.458923052 -0.067024565 1
-0.38246299 -0.238978363 -0.246136327 -0.203351228 -0.137140068 0.717260452 -0.049455019 -0.207743615 -0.067024565 0
-0.271351879 -0.238978363 -0.135025216 -0.203351228 -0.137140068 -0.282739548 -0.049455019 -0.207743615 -0.067024565 0
-0.271351879 -0.238978363 -0.246136327 -0.203351228 -0.137140068 -0.282739548 -0.271677241 -0.207743615 0.37741988 0
-0.049129657 -0.127867252 -0.246136327 -0.203351228 -0.137140068 -0.282739548 -0.16056613 -0.207743615 -0.067024565 0
-0.38246299 -0.238978363 -0.246136327 -0.203351228 -0.248251179 -0.282739548 -0.049455019 -0.207743615 -0.067024565 0
-0.271351879 -0.238978363 -0.246136327 -0.203351228 -0.137140068 -0.282739548 -0.16056613 -0.207743615 -0.067024565 0
0.061981454 -0.016756141 -0.023914104 0.018870994 -0.137140068 -0.060517326 0.061656092 0.125589719 -0.067024565 1
-0.38246299 -0.238978363 -0.246136327 -0.203351228 -0.137140068 -0.060517326 -0.049455019 -0.207743615 -0.067024565 0
0.395314788 0.427688303 0.198308118 0.796648772 0.418415487 0.606149341 0.172767204 0.23670083 0.266308769 1
0.284203677 0.09435497 0.309419229 0.129982105 0.307304376 -0.282739548 0.061656092 0.014478607 -0.067024565 1
-0.049129657 -0.238978363 -0.246136327 -0.203351228 -0.137140068 -0.282739548 -0.16056613 -0.207743615 -0.067024565 0
-0.049129657 -0.238978363 -0.246136327 -0.203351228 -0.137140068 -0.282739548 -0.049455019 -0.207743615 -0.067024565 0
0.61753701 0.427688303 0.42053034 0.352204327 0.085082154 0.717260452 0.061656092 -0.207743615 0.044086546 1
0.173092565 -0.238978363 -0.246136327 -0.203351228 -0.137140068 -0.282739548 -0.049455019 -0.207743615 -0.067024565 0
0.284203677 -0.016756141 -0.135025216 0.796648772 0.196193265 0.717260452 0.172767204 0.125589719 0.266308769 1
0.61753701 0.205466081 0.198308118 0.018870994 0.307304376 0.383927119 0.394989426 0.792256385 -0.067024565 1
-0.160240768 -0.238978363 -0.246136327 -0.203351228 -0.137140068 -0.282739548 -0.16056613 -0.207743615 -0.067024565 0
-0.38246299 -0.238978363 -0.246136327 -0.203351228 -0.137140068 -0.282739548 -0.049455019 -0.207743615 -0.067024565 0
0.061981454 -0.127867252 -0.023914104 0.129982105 -0.137140068 0.383927119 -0.049455019 0.347811941 -0.067024565 1
-0.160240768 -0.127867252 -0.246136327 -0.203351228 -0.248251179 -0.282739548 -0.16056613 -0.207743615 -0.067024565 0
0.061981454 -0.238978363 -0.246136327 -0.203351228 -0.137140068 -0.282739548 -0.16056613 -0.207743615 -0.067024565 0
-0.271351879 -0.238978363 -0.246136327 -0.203351228 -0.137140068 -0.282739548 -0.16056613 -0.207743615 -0.067024565 0
-0.38246299 -0.238978363 -0.023914104 -0.203351228 -0.137140068 -0.282739548 -0.271677241 -0.207743615 -0.067024565 0
-0.160240768 -0.238978363 -0.246136327 -0.203351228 -0.248251179 -0.282739548 -0.16056613 -0.207743615 -0.067024565 0
-0.271351879 -0.238978363 -0.246136327 -0.203351228 -0.137140068 -0.282739548 -0.049455019 -0.207743615 -0.067024565 0
0.61753701 0.427688303 0.42053034 0.018870994 0.529526598 0.161704897 0.394989426 0.125589719 0.155197657 1
-0.271351879 -0.238978363 -0.246136327 -0.092240117 -0.137140068 -0.282739548 -0.049455019 -0.207743615 -0.067024565 0
-0.160240768 -0.238978363 -0.135025216 -0.203351228 -0.137140068 -0.282739548 -0.16056613 -0.207743615 -0.067024565 0
-0.271351879 -0.238978363 -0.246136327 -0.203351228 -0.137140068 -0.282739548 -0.16056613 -0.207743615 -0.067024565 0
0.61753701 0.761021637 0.753863673 0.57442655 0.307304376 -0.282739548 0.506100537 0.681145274 -0.067024565 1
0.173092565 -0.127867252 -0.246136327 -0.203351228 -0.248251179 -0.282739548 0.394989426 -0.207743615 -0.067024565 0
0.061981454 0.09435497 0.087197007 0.685537661 -0.137140068 0.717260452 0.172767204 0.347811941 -0.067024565 1
-0.271351879 0.205466081 -0.023914104 0.018870994 0.307304376 0.383927119 0.394989426 0.23670083 -0.067024565 1
0.61753701 0.09435497 -0.023914104 -0.203351228 -0.026028957 -0.060517326 0.283878315 0.23670083 0.044086546 1
0.173092565 0.761021637 0.753863673 -0.092240117 0.529526598 0.717260452 0.394989426 0.014478607 0.155197657 1
0.061981454 0.316577192 0.198308118 0.352204327 0.751748821 -0.282739548 -0.049455019 -0.207743615 -0.067024565 1
0.61753701 0.761021637 0.753863673 0.129982105 0.529526598 -0.282739548 0.506100537 0.792256385 -0.067024565 1
-0.38246299 -0.238978363 -0.246136327 -0.203351228 -0.137140068 -0.282739548 -0.16056613 -0.207743615 0.044086546 0
-0.160240768 0.427688303 0.42053034 0.129982105 0.085082154 0.606149341 0.061656092 0.570034163 -0.067024565 1
-0.38246299 -0.238978363 -0.246136327 -0.203351228 -0.137140068 -0.282739548 -0.16056613 -0.207743615 -0.067024565 0
-0.049129657 -0.238978363 -0.246136327 0.018870994 -0.137140068 -0.282739548 -0.049455019 -0.207743615 -0.067024565 0
0.284203677 0.538799414 0.42053034 -0.092240117 0.085082154 0.49503823 -0.049455019 0.570034163 0.044086546 1
0.506425899 0.205466081 0.531641451 -0.203351228 -0.137140068 -0.060517326 -0.16056613 -0.207743615 0.37741988 1
0.061981454 -0.016756141 -0.023914104 0.129982105 -0.137140068 0.050593786 -0.049455019 0.125589719 -0.067024565 1
0.61753701 -0.016756141 0.309419229 -0.092240117 -0.026028957 0.161704897 0.061656092 0.792256385 0.044086546 1
0.061981454 0.205466081 0.198308118 0.57442655 0.751748821 0.49503823 0.394989426 0.014478607 0.599642102 1
0.61753701 0.205466081 0.198308118 0.352204327 0.529526598 0.49503823 0.394989426 -0.207743615 -0.067024565 1
0.61753701 0.316577192 0.309419229 0.018870994 0.085082154 0.161704897 -0.049455019 0.347811941 -0.067024565 1
0.395314788 0.761021637 0.753863673 -0.203351228 -0.026028957 0.272816008 -0.049455019 0.681145274 -0.067024565 1
0.395314788 -0.127867252 0.087197007 -0.203351228 0.196193265 -0.282739548 0.172767204 0.125589719 0.266308769 1
0.061981454 -0.127867252 -0.023914104 -0.203351228 0.307304376 0.717260452 0.172767204 -0.207743615 -0.067024565 1
0.506425899 0.205466081 0.198308118 -0.092240117 -0.137140068 -0.171628437 0.172767204 -0.207743615 -0.067024565 1
0.061981454 -0.016756141 0.198308118 0.241093216 -0.026028957 -0.060517326 0.061656092 0.792256385 -0.067024565 1
-0.38246299 -0.238978363 -0.246136327 -0.203351228 -0.137140068 -0.171628437 -0.16056613 -0.207743615 -0.067024565 0
0.506425899 0.761021637 0.753863673 -0.203351228 0.751748821 0.49503823 -0.049455019 0.014478607 -0.067024565 1
0.173092565 -0.016756141 0.087197007 -0.203351228 0.196193265 -0.171628437 -0.049455019 0.681145274 -0.067024565 1
-0.38246299 -0.238978363 -0.246136327 -0.203351228 -0.137140068 -0.282739548 -0.16056613 -0.207743615 -0.067024565 0
0.61753701 0.09435497 -0.135025216 -0.203351228 -0.026028957 -0.171628437 0.061656092 0.014478607 0.932975435 1
-0.049129657 -0.238978363 -0.246136327 -0.203351228 -0.137140068 -0.282739548 -0.049455019 -0.207743615 -0.067024565 0
0.061981454 -0.016756141 0.087197007 -0.203351228 0.529526598 0.717260452 0.061656092 0.681145274 -0.067024565 1
0.395314788 -0.016756141 0.531641451 0.018870994 0.085082154 0.606149341 0.506100537 0.681145274 0.710753213 1
-0.38246299 -0.238978363 -0.246136327 -0.203351228 -0.137140068 -0.282739548 -0.049455019 -0.096632504 -0.067024565 0
0.061981454 -0.238978363 -0.023914104 -0.203351228 -0.137140068 -0.282739548 -0.16056613 -0.207743615 -0.067024565 0
0.173092565 0.761021637 -0.135025216 0.57442655 0.751748821 -0.171628437 0.394989426 0.570034163 0.932975435 1
-0.38246299 -0.016756141 -0.023914104 -0.092240117 -0.137140068 -0.282739548 0.394989426 -0.096632504 -0.067024565 0
0.506425899 0.09435497 0.198308118 0.796648772 0.307304376 0.717260452 0.061656092 0.570034163 -0.067024565 1
0.61753701 0.316577192 0.087197007 -0.203351228 -0.026028957 0.050593786 -0.049455019 -0.096632504 0.155197657 1
-0.38246299 -0.238978363 -0.135025216 -0.203351228 -0.137140068 -0.171628437 0.061656092 -0.096632504 -0.067024565 0
-0.38246299 -0.238978363 0.087197007 -0.203351228 -0.137140068 -0.282739548 -0.16056613 -0.207743615 -0.067024565 0
0.061981454 -0.016756141 -0.246136327 -0.092240117 -0.137140068 -0.282739548 -0.16056613 -0.207743615 -0.067024565 0
-0.160240768 -0.238978363 -0.246136327 -0.203351228 -0.137140068 -0.060517326 -0.049455019 -0.207743615 -0.067024565 0
-0.271351879 -0.238978363 -0.246136327 -0.203351228 -0.026028957 -0.282739548 -0.16056613 -0.207743615 -0.067024565 0
-0.271351879 -0.127867252 -0.135025216 -0.203351228 -0.248251179 -0.282739548 0.394989426 -0.207743615 -0.067024565 0
-0.049129657 -0.238978363 -0.246136327 -0.092240117 -0.137140068 -0.282739548 -0.16056613 -0.207743615 -0.067024565 0
0.061981454 -0.127867252 -0.246136327 -0.203351228 -0.137140068 -0.282739548 -0.049455019 -0.207743615 -0.067024565 0
-0.160240768 -0.238978363 -0.246136327 -0.203351228 -0.137140068 -0.171628437 0.394989426 -0.207743615 -0.067024565 0
-0.160240768 0.205466081 0.42053034 0.57442655 0.529526598 0.606149341 0.394989426 0.792256385 0.599642102 1
0.061981454 0.761021637 0.309419229 -0.203351228 0.751748821 0.050593786 0.061656092 0.792256385 0.932975435 1
-0.160240768 -0.016756141 0.309419229 0.129982105 0.196193265 0.49503823 0.061656092 0.125589719 -0.067024565 1
-0.160240768 0.316577192 0.309419229 0.352204327 0.196193265 0.717260452 0.283878315 0.570034163 0.155197657 1
-0.049129657 -0.238978363 -0.246136327 -0.203351228 -0.137140068 -0.282739548 -0.049455019 -0.207743615 -0.067024565 0
-0.271351879 -0.238978363 -0.246136327 -0.092240117 -0.026028957 -0.282739548 -0.16056613 -0.207743615 -0.067024565 0
-0.38246299 -0.238978363 -0.246136327 -0.203351228 -0.137140068 -0.282739548 -0.049455019 -0.207743615 -0.067024565 0
-0.160240768 -0.238978363 -0.246136327 -0.092240117 -0.137140068 -0.282739548 -0.271677241 -0.207743615 -0.067024565 0
-0.049129657 -0.238978363 -0.246136327 -0.203351228 -0.137140068 -0.282739548 -0.049455019 -0.207743615 -0.067024565 0
-0.38246299 -0.238978363 -0.246136327 -0.203351228 -0.137140068 -0.282739548 -0.16056613 -0.207743615 -0.067024565 0
-0.271351879 -0.238978363 -0.246136327 -0.203351228 -0.137140068 -0.282739548 -0.049455019 -0.207743615 -0.067024565 0
-0.38246299 -0.238978363 -0.246136327 -0.203351228 -0.137140068 -0.282739548 -0.049455019 -0.207743615 -0.067024565 0
-0.271351879 -0.238978363 -0.246136327 -0.092240117 -0.137140068 -0.282739548 -0.271677241 -0.207743615 -0.067024565 0
0.061981454 -0.238978363 -0.246136327 -0.203351228 -0.137140068 -0.282739548 -0.049455019 -0.207743615 -0.067024565 0
0.506425899 0.316577192 0.642752562 -0.092240117 0.751748821 0.272816008 -0.16056613 0.681145274 0.932975435 1
0.284203677 0.205466081 0.309419229 0.796648772 0.196193265 0.717260452 0.394989426 0.681145274 0.266308769 1
0.61753701 -0.016756141 0.198308118 -0.203351228 0.751748821 0.161704897 -0.049455019 0.792256385 0.044086546 1
-0.271351879 -0.016756141 0.087197007 0.129982105 -0.137140068 0.161704897 -0.16056613 0.23670083 -0.067024565 1
-0.049129657 -0.238978363 -0.135025216 -0.203351228 -0.137140068 -0.282739548 -0.049455019 -0.207743615 -0.067024565 0
0.395314788 -0.127867252 -0.023914104 -0.203351228 0.307304376 -0.060517326 0.394989426 -0.207743615 -0.067024565 1
0.61753701 0.761021637 0.753863673 0.796648772 0.751748821 -0.282739548 0.506100537 0.570034163 0.710753213 1
0.284203677 -0.016756141 0.087197007 0.129982105 -0.026028957 -0.060517326 -0.049455019 -0.096632504 0.599642102 1
0.61753701 0.761021637 0.753863673 0.57442655 -0.137140068 0.717260452 0.061656092 -0.207743615 -0.067024565 1
-0.38246299 0.316577192 0.531641451 0.796648772 0.529526598 0.717260452 0.172767204 0.458923052 -0.067024565 1
-0.38246299 -0.238978363 -0.246136327 -0.203351228 -0.137140068 -0.282739548 -0.16056613 0.014478607 -0.067024565 0
0.173092565 0.205466081 0.087197007 0.129982105 -0.026028957 0.606149341 0.394989426 0.570034163 0.155197657 1
-0.38246299 -0.016756141 -0.246136327 -0.092240117 -0.137140068 -0.171628437 0.172767204 0.014478607 0.044086546 0
0.395314788 0.316577192 0.087197007 0.018870994 0.196193265 0.606149341 -0.049455019 -0.207743615 -0.067024565 1
0.61753701 -0.016756141 -0.023914104 0.796648772 -0.137140068 0.717260452 0.394989426 0.014478607 0.155197657 1
0.61753701 0.761021637 0.753863673 0.018870994 0.751748821 0.49503823 0.506100537 -0.207743615 -0.067024565 1
-0.160240768 -0.016756141 -0.135025216 -0.203351228 -0.137140068 -0.060517326 -0.049455019 -0.207743615 -0.067024565 0
-0.38246299 -0.238978363 -0.246136327 -0.203351228 -0.137140068 0.161704897 -0.271677241 -0.207743615 -0.067024565 0
0.395314788 -0.016756141 -0.023914104 -0.203351228 -0.137140068 -0.171628437 -0.049455019 -0.096632504 -0.067024565 0
-0.049129657 0.205466081 0.198308118 0.796648772 0.085082154 0.717260452 0.394989426 0.23670083 0.710753213 1
-0.38246299 -0.238978363 -0.246136327 -0.203351228 0.085082154 -0.060517326 -0.271677241 -0.207743615 -0.067024565 0
-0.160240768 -0.127867252 -0.246136327 -0.203351228 -0.137140068 -0.171628437 -0.049455019 -0.207743615 -0.067024565 0
-0.38246299 -0.238978363 -0.135025216 -0.092240117 -0.137140068 -0.282739548 -0.049455019 -0.207743615 -0.067024565 0
-0.049129657 -0.127867252 -0.246136327 -0.203351228 -0.137140068 -0.171628437 -0.049455019 -0.207743615 -0.067024565 0
0.61753701 0.761021637 0.753863673 -0.092240117 0.751748821 0.717260452 0.172767204 0.014478607 0.155197657 1
0.061981454 -0.016756141 0.198308118 -0.203351228 0.529526598 0.717260452 0.172767204 0.014478607 -0.067024565 1
0.061981454 0.09435497 0.309419229 0.463315438 0.640637709 0.383927119 0.506100537 0.792256385 -0.067024565 1
-0.38246299 -0.238978363 -0.246136327 -0.203351228 -0.137140068 -0.282739548 -0.16056613 -0.207743615 -0.067024565 0
0.284203677 0.205466081 -0.023914104 0.463315438 0.085082154 0.717260452 0.394989426 0.23670083 0.37741988 1
-0.160240768 -0.238978363 -0.246136327 -0.203351228 -0.137140068 -0.282739548 -0.049455019 -0.207743615 -0.067024565 0
0.395314788 -0.016756141 0.198308118 0.129982105 0.196193265 0.717260452 -0.271677241 0.347811941 0.044086546 1
-0.38246299 -0.238978363 -0.246136327 -0.203351228 0.751748821 -0.282739548 -0.271677241 -0.207743615 -0.067024565 0
0.061981454 -0.238978363 -0.023914104 -0.203351228 -0.137140068 -0.282739548 -0.16056613 -0.207743615 -0.067024565 0
-0.271351879 -0.238978363 -0.246136327 -0.203351228 -0.137140068 -0.282739548 -0.049455019 -0.207743615 -0.067024565 0
0.061981454 0.761021637 0.531641451 0.796648772 0.529526598 0.717260452 -0.049455019 0.347811941 0.155197657 1
-0.160240768 -0.238978363 -0.246136327 -0.203351228 -0.137140068 -0.282739548 -0.16056613 -0.096632504 -0.067024565 0
-0.160240768 -0.238978363 -0.246136327 -0.203351228 -0.026028957 -0.282739548 -0.16056613 -0.207743615 -0.067024565 0
0.061981454 -0.238978363 -0.246136327 -0.203351228 -0.137140068 -0.171628437 -0.049455019 0.014478607 -0.067024565 0
-0.049129657 -0.238978363 -0.246136327 -0.203351228 -0.137140068 -0.282739548 -0.16056613 -0.207743615 -0.067024565 0
-0.160240768 -0.238978363 -0.246136327 -0.203351228 -0.137140068 -0.282739548 -0.271677241 -0.207743615 -0.067024565 0
-0.049129657 -0.238978363 -0.135025216 -0.203351228 -0.137140068 -0.282739548 -0.16056613 -0.207743615 -0.067024565 0
-0.160240768 -0.238978363 -0.246136327 -0.203351228 -0.137140068 -0.282739548 -0.271677241 -0.207743615 -0.067024565 0
-0.271351879 -0.238978363 -0.246136327 -0.203351228 -0.137140068 -0.282739548 -0.271677241 -0.207743615 -0.067024565 0
0.506425899 0.205466081 0.198308118 0.129982105 0.085082154 0.161704897 0.061656092 0.014478607 0.155197657 1
-0.38246299 -0.238978363 -0.246136327 -0.203351228 -0.137140068 0.161704897 -0.271677241 -0.207743615 -0.067024565 0
-0.271351879 -0.238978363 -0.246136327 -0.203351228 -0.137140068 -0.282739548 -0.16056613 -0.207743615 -0.067024565 0
-0.160240768 0.09435497 0.198308118 -0.092240117 0.307304376 0.49503823 0.061656092 -0.207743615 -0.067024565 1
-0.38246299 -0.238978363 -0.246136327 -0.203351228 -0.026028957 -0.171628437 -0.16056613 -0.207743615 -0.067024565 0
-0.160240768 -0.238978363 -0.246136327 0.018870994 0.529526598 -0.282739548 0.172767204 0.570034163 -0.067024565 0
0.395314788 0.538799414 0.42053034 0.129982105 0.751748821 0.717260452 0.394989426 0.570034163 0.599642102 1
-0.38246299 -0.238978363 -0.246136327 -0.203351228 -0.248251179 -0.282739548 -0.049455019 -0.207743615 -0.067024565 0
0.284203677 -0.127867252 0.087197007 -0.203351228 0.307304376 0.717260452 0.172767204 0.125589719 0.155197657 1
0.61753701 0.761021637 0.531641451 0.352204327 0.085082154 0.161704897 0.506100537 0.792256385 -0.067024565 1
-0.049129657 -0.238978363 -0.246136327 -0.203351228 -0.137140068 -0.060517326 -0.271677241 -0.207743615 -0.067024565 0
-0.38246299 -0.238978363 -0.246136327 -0.203351228 -0.137140068 -0.282739548 -0.271677241 -0.207743615 -0.067024565 0
0.061981454 0.205466081 0.198308118 0.352204327 -0.026028957 0.717260452 -0.049455019 -0.207743615 -0.067024565 1
-0.38246299 -0.127867252 -0.135025216 -0.203351228 -0.137140068 -0.282739548 -0.16056613 -0.207743615 -0.067024565 0
-0.271351879 -0.238978363 -0.246136327 -0.203351228 -0.137140068 -0.282739548 -0.049455019 -0.207743615 -0.067024565 0
0.506425899 0.649910525 0.753863673 0.018870994 0.307304376 0.717260452 0.394989426 0.792256385 0.488530991 1
0.61753701 0.427688303 0.42053034 0.129982105 0.196193265 0.717260452 0.172767204 0.458923052 0.044086546 1
-0.049129657 -0.238978363 -0.246136327 -0.203351228 -0.137140068 -0.282739548 -0.049455019 -0.096632504 -0.067024565 0
-0.160240768 -0.238978363 -0.246136327 -0.203351228 -0.137140068 -0.282739548 -0.049455019 -0.207743615 -0.067024565 0
-0.38246299 -0.238978363 -0.246136327 -0.092240117 -0.248251179 -0.060517326 -0.271677241 -0.207743615 0.599642102 0
-0.049129657 -0.238978363 -0.246136327 -0.203351228 -0.137140068 -0.171628437 -0.049455019 -0.096632504 -0.067024565 0
0.061981454 0.316577192 0.42053034 0.57442655 0.529526598 0.717260452 -0.049455019 0.792256385 0.155197657 1
0.61753701 0.538799414 0.753863673 0.796648772 0.307304376 -0.282739548 -0.049455019 -0.207743615 0.932975435 1
-0.160240768 -0.238978363 -0.246136327 -0.203351228 -0.137140068 -0.282739548 -0.049455019 -0.207743615 -0.067024565 0
-0.38246299 -0.238978363 -0.246136327 -0.092240117 -0.248251179 -0.282739548 -0.271677241 -0.207743615 -0.067024565 0
-0.160240768 -0.238978363 -0.246136327 -0.203351228 -0.137140068 -0.282739548 -0.271677241 -0.207743615 -0.067024565 0
-0.38246299 -0.238978363 -0.246136327 -0.203351228 -0.137140068 -0.282739548 -0.049455019 -0.207743615 -0.067024565 0
-0.38246299 -0.238978363 -0.246136327 -0.203351228 -0.137140068 -0.282739548 -0.16056613 -0.207743615 -0.067024565 0
0.173092565 0.761021637 0.753863673 0.796648772 0.529526598 0.717260452 0.728322759 0.792256385 0.599642102 1
0.395314788 0.316577192 0.198308118 0.129982105 -0.026028957 0.717260452 0.283878315 -0.207743615 -0.067024565 1
0.061981454 0.538799414 0.42053034 0.463315438 0.751748821 0.717260452 0.172767204 0.458923052 -0.067024565 1
-0.271351879 -0.238978363 -0.246136327 -0.203351228 -0.137140068 -0.282739548 -0.049455019 -0.207743615 -0.067024565 0
0.061981454 0.761021637 0.753863673 0.018870994 0.529526598 -0.282739548 0.172767204 0.792256385 0.155197657 1
-0.049129657 -0.238978363 -0.246136327 -0.203351228 -0.137140068 -0.282739548 -0.049455019 -0.207743615 -0.067024565 0
0.061981454 -0.016756141 -0.023914104 0.018870994 0.307304376 0.717260452 -0.049455019 -0.207743615 -0.067024565 1
-0.38246299 -0.238978363 -0.246136327 -0.203351228 -0.248251179 -0.282739548 -0.049455019 -0.207743615 -0.067024565 0
-0.38246299 -0.238978363 -0.246136327 -0.203351228 -0.137140068 -0.282739548 -0.271677241 -0.207743615 -0.067024565 0
0.173092565 -0.238978363 -0.246136327 -0.203351228 -0.137140068 -0.282739548 -0.049455019 -0.207743615 -0.067024565 0
0.061981454 0.538799414 0.531641451 0.57442655 0.196193265 0.717260452 0.394989426 0.570034163 -0.067024565 1
0.395314788 0.427688303 0.309419229 0.129982105 0.085082154 0.717260452 0.172767204 -0.207743615 -0.067024565 1
-0.271351879 -0.238978363 -0.246136327 -0.203351228 -0.248251179 -0.282739548 -0.049455019 -0.207743615 -0.067024565 0
-0.38246299 0.205466081 0.531641451 0.352204327 0.196193265 0.49503823 0.394989426 0.792256385 -0.067024565 1
0.61753701 0.205466081 0.309419229 0.796648772 0.307304376 0.717260452 0.394989426 0.458923052 0.932975435 1
0.061981454 0.538799414 0.087197007 0.796648772 0.196193265 0.49503823 0.617211648 0.792256385 -0.067024565 1
-0.38246299 -0.127867252 -0.023914104 -0.203351228 -0.137140068 -0.282739548 -0.049455019 -0.207743615 -0.067024565 0
0.61753701 0.761021637 0.753863673 0.57442655 0.307304376 0.49503823 0.394989426 0.792256385 -0.067024565 1
0.284203677 0.205466081 0.753863673 0.796648772 0.751748821 0.717260452 0.061656092 0.792256385 0.155197657 1
0.061981454 -0.238978363 -0.246136327 -0.203351228 -0.137140068 -0.282739548 -0.16056613 -0.207743615 -0.067024565 0
-0.38246299 -0.238978363 -0.246136327 -0.203351228 -0.137140068 -0.282739548 -0.049455019 -0.207743615 -0.067024565 0
-0.160240768 -0.238978363 -0.246136327 -0.203351228 -0.137140068 -0.282739548 -0.049455019 -0.207743615 -0.067024565 0
-0.049129657 -0.238978363 -0.246136327 -0.203351228 -0.137140068 -0.282739548 -0.049455019 -0.207743615 -0.067024565 0
0.395314788 0.09435497 0.087197007 0.241093216 0.085082154 0.383927119 0.394989426 0.570034163 0.044086546 0
0.061981454 -0.238978363 -0.246136327 0.129982105 -0.137140068 -0.282739548 -0.049455019 -0.207743615 -0.067024565 0
-0.38246299 -0.238978363 -0.246136327 -0.203351228 -0.137140068 -0.282739548 -0.271677241 -0.207743615 -0.067024565 0
-0.160240768 -0.238978363 -0.246136327 -0.203351228 -0.137140068 -0.282739548 -0.16056613 -0.207743615 -0.067024565 0
0.506425899 0.427688303 0.42053034 0.241093216 0.196193265 0.717260452 0.394989426 0.570034163 0.155197657 1
0.61753701 0.538799414 0.531641451 0.129982105 0.751748821 0.717260452 0.506100537 -0.207743615 -0.067024565 1
-0.38246299 -0.238978363 -0.246136327 -0.203351228 -0.137140068 -0.282739548 -0.049455019 -0.207743615 -0.067024565 0
0.061981454 -0.238978363 -0.246136327 -0.203351228 -0.137140068 -0.282739548 -0.049455019 -0.207743615 -0.067024565 0
-0.38246299 -0.238978363 -0.246136327 -0.203351228 -0.137140068 -0.282739548 -0.049455019 -0.207743615 -0.067024565 0
0.061981454 0.761021637 0.753863673 0.685537661 0.307304376 0.717260452 0.394989426 0.792256385 0.37741988 1
0.61753701 0.761021637 0.642752562 0.018870994 0.418415487 0.161704897 -0.049455019 0.23670083 -0.067024565 1
-0.38246299 -0.238978363 -0.246136327 -0.203351228 -0.248251179 -0.282739548 -0.049455019 -0.207743615 -0.067024565 0
-0.38246299 -0.238978363 -0.246136327 -0.203351228 -0.248251179 -0.282739548 -0.049455019 -0.207743615 -0.067024565 0
0.061981454 -0.238978363 -0.246136327 -0.203351228 -0.248251179 -0.282739548 -0.049455019 -0.207743615 -0.067024565 0
0.395314788 0.761021637 0.753863673 0.796648772 0.196193265 0.717260452 0.506100537 0.792256385 0.488530991 1
0.395314788 0.761021637 0.531641451 0.57442655 0.085082154 0.49503823 0.394989426 0.458923052 -0.067024565 1
-0.38246299 -0.238978363 -0.246136327 -0.203351228 -0.137140068 -0.282739548 -0.049455019 -0.207743615 -0.067024565 0
0.61753701 0.761021637 0.753863673 0.796648772 0.418415487 0.717260452 0.394989426 0.792256385 0.266308769 1
0.61753701 0.761021637 0.753863673 0.796648772 -0.026028957 0.717260452 0.728322759 0.347811941 -0.067024565 1
0.395314788 0.427688303 0.531641451 0.463315438 0.196193265 0.161704897 0.172767204 0.792256385 0.044086546 1
-0.38246299 -0.238978363 -0.246136327 -0.203351228 -0.137140068 -0.282739548 -0.16056613 -0.207743615 -0.067024565 0
-0.38246299 -0.238978363 -0.246136327 -0.203351228 -0.137140068 -0.282739548 -0.049455019 -0.207743615 -0.067024565 0
0.173092565 0.761021637 0.42053034 0.463315438 0.307304376 0.050593786 0.506100537 0.792256385 0.044086546 1
0.173092565 -0.238978363 -0.023914104 -0.203351228 -0.137140068 -0.282739548 -0.049455019 -0.207743615 -0.067024565 0
-0.38246299 -0.238978363 -0.246136327 -0.092240117 -0.137140068 -0.282739548 -0.049455019 -0.207743615 -0.067024565 0
0.61753701 0.316577192 0.087197007 0.018870994 0.751748821 0.717260452 0.617211648 0.792256385 -0.067024565 1
-0.049129657 -0.238978363 -0.246136327 0.018870994 -0.248251179 0.161704897 -0.16056613 -0.207743615 -0.067024565 1
0.284203677 0.205466081 0.309419229 0.018870994 -0.026028957 0.49503823 0.394989426 0.125589719 -0.067024565 1
0.61753701 0.205466081 0.198308118 0.352204327 -0.026028957 0.717260452 0.394989426 0.681145274 0.044086546 1
-0.38246299 -0.238978363 -0.246136327 -0.203351228 -0.137140068 -0.282739548 -0.16056613 -0.207743615 -0.067024565 0
0.61753701 0.205466081 0.42053034 0.129982105 0.085082154 0.717260452 0.506100537 0.681145274 -0.067024565 1
0.395314788 0.649910525 0.642752562 0.241093216 -0.026028957 0.161704897 0.394989426 0.458923052 -0.067024565 1
-0.38246299 -0.238978363 -0.246136327 -0.203351228 -0.248251179 -0.282739548 -0.049455019 -0.207743615 -0.067024565 0
0.61753701 0.761021637 0.753863673 0.018870994 0.751748821 0.717260452 0.617211648 0.792256385 -0.067024565 1
0.284203677 0.09435497 0.42053034 0.129982105 -0.026028957 0.383927119 0.394989426 0.347811941 -0.067024565 1
0.173092565 0.538799414 0.42053034 0.241093216 0.307304376 0.49503823 0.506100537 0.681145274 0.044086546 1
0.395314788 0.09435497 0.309419229 0.018870994 -0.026028957 -0.282739548 0.061656092 0.014478607 -0.067024565 0
0.61753701 0.09435497 0.198308118 0.241093216 0.196193265 0.717260452 0.061656092 -0.207743615 -0.067024565 1
-0.160240768 -0.016756141 -0.135025216 -0.203351228 -0.026028957 -0.282739548 -0.049455019 0.347811941 -0.067024565 0
0.61753701 0.538799414 0.531641451 -0.092240117 0.529526598 0.717260452 0.061656092 0.570034163 0.932975435 1
0.506425899 0.538799414 0.531641451 0.241093216 0.307304376 -0.171628437 0.061656092 0.792256385 0.266308769 1
0.395314788 0.761021637 0.753863673 0.57442655 0.307304376 0.606149341 -0.049455019 0.792256385 0.932975435 1
0.61753701 0.09435497 -0.023914104 -0.092240117 -0.026028957 0.717260452 0.172767204 0.014478607 0.044086546 1
0.061981454 -0.238978363 -0.023914104 0.018870994 -0.137140068 -0.171628437 -0.16056613 0.014478607 -0.067024565 0
-0.160240768 -0.238978363 -0.246136327 0.018870994 -0.248251179 -0.282739548 -0.049455019 -0.207743615 -0.067024565 0
-0.271351879 -0.238978363 -0.246136327 -0.203351228 -0.137140068 -0.282739548 -0.049455019 -0.207743615 -0.067024565 0
-0.38246299 -0.238978363 -0.246136327 -0.203351228 -0.137140068 0.161704897 0.172767204 -0.207743615 -0.067024565 0
-0.38246299 -0.238978363 -0.246136327 -0.203351228 -0.137140068 -0.282739548 -0.049455019 -0.207743615 -0.067024565 0
0.061981454 -0.238978363 -0.246136327 -0.092240117 -0.137140068 -0.171628437 -0.049455019 -0.207743615 -0.067024565 0
0.395314788 0.761021637 0.753863673 0.57442655 0.196193265 0.717260452 0.394989426 0.570034163 -0.067024565 1
0.395314788 0.09435497 0.087197007 -0.203351228 -0.137140068 0.606149341 -0.049455019 0.014478607 -0.067024565 1
-0.049129657 -0.238978363 -0.246136327 -0.203351228 -0.137140068 -0.282739548 -0.049455019 0.347811941 -0.067024565 0
-0.38246299 -0.127867252 -0.135025216 -0.203351228 -0.137140068 -0.282739548 -0.271677241 -0.207743615 -0.067024565 0
0.61753701 0.09435497 0.087197007 0.796648772 -0.137140068 0.717260452 0.172767204 0.014478607 0.155197657 1
0.173092565 -0.016756141 -0.023914104 0.241093216 -0.026028957 0.717260452 -0.049455019 0.23670083 0.155197657 0
0.173092565 0.761021637 0.753863673 -0.092240117 0.529526598 0.717260452 0.394989426 0.014478607 0.155197657 1
0.506425899 0.761021637 0.753863673 -0.203351228 0.751748821 0.49503823 -0.049455019 0.014478607 -0.067024565 1
0.061981454 0.316577192 0.309419229 -0.092240117 0.085082154 0.717260452 -0.049455019 0.347811941 -0.067024565 1
-0.160240768 -0.238978363 -0.246136327 -0.203351228 -0.137140068 -0.282739548 -0.271677241 -0.207743615 -0.067024565 0
-0.160240768 -0.238978363 -0.246136327 -0.203351228 -0.137140068 -0.282739548 -0.16056613 -0.207743615 -0.067024565 0
-0.160240768 -0.238978363 -0.246136327 -0.203351228 -0.137140068 -0.282739548 -0.049455019 -0.207743615 -0.067024565 0
0.061981454 0.427688303 0.42053034 -0.203351228 0.196193265 0.49503823 -0.049455019 0.125589719 -0.067024565 0
0.61753701 0.205466081 0.531641451 0.796648772 -0.026028957 0.717260452 0.172767204 -0.207743615 0.155197657 1
0.061981454 0.761021637 0.753863673 0.352204327 0.751748821 0.717260452 0.728322759 0.347811941 0.37741988 1
0.395314788 0.538799414 0.642752562 0.129982105 0.196193265 0.717260452 0.394989426 0.570034163 -0.067024565 1
0.61753701 0.09435497 0.087197007 0.796648772 0.307304376 0.717260452 0.172767204 0.23670083 -0.067024565 1
0.284203677 0.649910525 0.087197007 0.796648772 0.751748821 -0.060517326 0.172767204 0.014478607 0.155197657 1
0.061981454 -0.238978363 0.087197007 -0.203351228 -0.137140068 -0.282739548 -0.049455019 -0.096632504 -0.067024565 0
0.61753701 0.761021637 0.309419229 0.018870994 -0.026028957 0.717260452 0.061656092 0.014478607 0.044086546 1
-0.160240768 -0.016756141 0.198308118 -0.092240117 -0.026028957 0.717260452 0.394989426 -0.207743615 -0.067024565 1
0.61753701 0.538799414 0.531641451 -0.092240117 -0.026028957 0.050593786 0.506100537 0.458923052 0.710753213 1
-0.38246299 -0.238978363 -0.246136327 -0.203351228 -0.137140068 -0.282739548 -0.049455019 -0.207743615 -0.067024565 0
0.395314788 0.09435497 0.42053034 -0.203351228 -0.026028957 0.717260452 -0.049455019 0.681145274 0.044086546 1
0.061981454 -0.238978363 -0.246136327 -0.203351228 -0.137140068 -0.282739548 -0.049455019 -0.207743615 -0.067024565 0
-0.160240768 -0.016756141 0.198308118 -0.092240117 -0.026028957 0.717260452 0.394989426 -0.207743615 -0.067024565 1
0.284203677 -0.127867252 0.087197007 -0.203351228 -0.026028957 0.050593786 -0.049455019 0.014478607 -0.067024565 1
-0.160240768 -0.238978363 -0.246136327 -0.203351228 -0.137140068 -0.282739548 -0.049455019 -0.096632504 -0.067024565 0
-0.160240768 -0.238978363 -0.246136327 -0.203351228 -0.137140068 -0.282739548 -0.16056613 -0.207743615 -0.067024565 0
-0.38246299 -0.238978363 -0.246136327 -0.203351228 -0.137140068 -0.282739548 -0.16056613 -0.207743615 -0.067024565 0
-0.38246299 -0.238978363 -0.246136327 -0.203351228 -0.137140068 -0.282739548 -0.049455019 -0.207743615 -0.067024565 0
0.61753701 0.205466081 0.42053034 0.018870994 -0.026028957 0.383927119 -0.049455019 0.014478607 0.710753213 1
-0.160240768 -0.238978363 -0.246136327 -0.203351228 -0.137140068 -0.282739548 -0.049455019 -0.207743615 -0.067024565 0
-0.271351879 -0.238978363 -0.246136327 -0.092240117 -0.137140068 -0.282739548 -0.049455019 -0.207743615 -0.067024565 0
-0.38246299 0.09435497 -0.023914104 0.796648772 0.085082154 0.717260452 0.172767204 0.347811941 -0.067024565 1
0.61753701 0.09435497 0.309419229 -0.203351228 -0.137140068 0.717260452 0.172767204 0.014478607 -0.067024565 1
0.284203677 0.09435497 0.198308118 0.796648772 -0.137140068 0.717260452 -0.049455019 0.570034163 0.044086546 1
0.395314788 0.761021637 0.753863673 0.796648772 0.529526598 0.717260452 0.728322759 0.458923052 0.155197657 1
0.61753701 0.761021637 0.753863673 0.796648772 0.751748821 0.717260452 0.061656092 0.792256385 0.932975435 1
-0.160240768 -0.238978363 -0.246136327 -0.203351228 -0.026028957 -0.282739548 -0.16056613 -0.207743615 -0.067024565 0
0.173092565 -0.238978363 -0.023914104 -0.203351228 0.085082154 0.161704897 0.172767204 0.792256385 -0.067024565 1
0.061981454 0.316577192 0.309419229 0.57442655 0.307304376 0.717260452 0.061656092 0.792256385 0.266308769 1
-0.38246299 -0.238978363 -0.246136327 -0.203351228 -0.137140068 -0.282739548 -0.271677241 -0.207743615 -0.067024565 0
-0.38246299 -0.238978363 -0.246136327 -0.203351228 -0.137140068 -0.282739548 -0.049455019 -0.207743615 -0.067024565 0
0.61753701 0.09435497 0.087197007 0.352204327 -0.137140068 0.717260452 -0.16056613 0.014478607 -0.067024565 1
0.061981454 0.205466081 0.42053034 0.57442655 0.307304376 0.717260452 0.394989426 0.125589719 -0.067024565 1
0.061981454 -0.016756141 0.087197007 0.018870994 0.085082154 0.161704897 0.061656092 0.458923052 -0.067024565 0
0.395314788 -0.127867252 -0.246136327 -0.203351228 0.196193265 -0.282739548 -0.271677241 -0.207743615 -0.067024565 0
0.506425899 -0.238978363 -0.135025216 0.352204327 0.085082154 0.717260452 0.394989426 0.458923052 0.044086546 1
0.395314788 0.09435497 0.753863673 0.241093216 0.085082154 0.050593786 0.394989426 0.792256385 -0.067024565 1
-0.38246299 -0.238978363 -0.246136327 -0.203351228 -0.137140068 -0.282739548 -0.049455019 -0.207743615 -0.067024565 0
0.61753701 0.761021637 0.753863673 0.463315438 0.640637709 0.717260452 0.394989426 0.792256385 0.932975435 1
-0.38246299 -0.238978363 -0.246136327 -0.203351228 -0.137140068 -0.282739548 -0.049455019 -0.207743615 -0.067024565 0
0.395314788 -0.016756141 0.087197007 0.685537661 -0.026028957 0.717260452 -0.049455019 0.014478607 -0.067024565 1
0.61753701 0.538799414 0.087197007 0.129982105 0.085082154 0.717260452 -0.049455019 0.792256385 0.266308769 1
-0.38246299 -0.238978363 -0.246136327 -0.203351228 -0.137140068 -0.282739548 -0.049455019 -0.207743615 -0.067024565 0
-0.38246299 -0.238978363 -0.246136327 -0.203351228 -0.137140068 -0.282739548 -0.049455019 -0.207743615 -0.067024565 0
0.284203677 0.538799414 0.42053034 0.352204327 0.085082154 -0.060517326 0.506100537 0.570034163 0.266308769 1
-0.160240768 -0.238978363 -0.246136327 -0.203351228 -0.137140068 0.161704897 0.172767204 -0.207743615 -0.067024565 0
-0.271351879 -0.238978363 -0.246136327 -0.203351228 -0.026028957 -0.282739548 -0.16056613 -0.207743615 -0.067024565 0
-0.38246299 -0.238978363 -0.246136327 -0.203351228 -0.137140068 -0.282739548 -0.271677241 -0.207743615 -0.067024565 0
0.395314788 0.316577192 0.087197007 0.796648772 0.751748821 -0.282739548 -0.049455019 0.23670083 -0.067024565 1
-0.38246299 -0.238978363 -0.246136327 -0.203351228 -0.137140068 -0.282739548 -0.271677241 -0.207743615 -0.067024565 0
-0.38246299 -0.238978363 -0.246136327 -0.203351228 -0.248251179 -0.282739548 -0.16056613 -0.207743615 -0.067024565 0
0.061981454 0.205466081 0.198308118 -0.092240117 0.196193265 0.717260452 0.061656092 0.014478607 -0.067024565 1
0.173092565 0.538799414 0.42053034 0.57442655 0.307304376 0.49503823 0.506100537 0.681145274 -0.067024565 1
-0.38246299 -0.238978363 -0.246136327 -0.203351228 0.196193265 -0.282739548 -0.049455019 -0.207743615 -0.067024565 0
-0.049129657 0.09435497 0.087197007 0.129982105 0.307304376 0.161704897 0.394989426 0.014478607 -0.067024565 0
0.284203677 0.316577192 -0.023914104 -0.092240117 0.196193265 0.717260452 0.394989426 0.125589719 0.488530991 1
-0.160240768 -0.238978363 -0.246136327 -0.203351228 -0.137140068 -0.282739548 -0.049455019 -0.207743615 -0.067024565 0
0.061981454 0.09435497 0.309419229 0.796648772 -0.137140068 0.717260452 0.061656092 -0.207743615 -0.067024565 1
-0.38246299 -0.238978363 -0.246136327 -0.203351228 -0.137140068 -0.282739548 -0.049455019 -0.207743615 -0.067024565 0
-0.160240768 -0.127867252 -0.135025216 -0.203351228 -0.137140068 -0.282739548 -0.16056613 0.014478607 -0.067024565 0
0.61753701 -0.238978363 -0.246136327 -0.203351228 -0.137140068 0.717260452 0.172767204 0.125589719 -0.067024565 1
-0.38246299 -0.238978363 -0.246136327 -0.203351228 -0.137140068 -0.282739548 -0.16056613 -0.207743615 -0.067024565 0
0.395314788 0.761021637 -0.023914104 -0.092240117 0.307304376 0.050593786 -0.049455019 0.792256385 -0.067024565 1
0.61753701 0.09435497 0.309419229 0.129982105 0.196193265 0.717260452 0.394989426 -0.207743615 -0.067024565 1
0.61753701 0.09435497 0.42053034 -0.092240117 -0.137140068 0.49503823 0.283878315 -0.207743615 -0.067024565 1
0.061981454 -0.238978363 -0.246136327 -0.203351228 -0.137140068 -0.282739548 -0.049455019 -0.207743615 0.044086546 0
0.061981454 -0.127867252 -0.135025216 -0.092240117 -0.137140068 -0.282739548 -0.16056613 -0.096632504 -0.067024565 0
0.061981454 0.09435497 0.309419229 0.352204327 0.085082154 0.717260452 0.061656092 0.014478607 -0.067024565 1
0.395314788 0.316577192 0.42053034 0.018870994 -0.026028957 0.717260452 -0.049455019 0.125589719 0.044086546 1
-0.38246299 -0.238978363 -0.246136327 -0.203351228 -0.137140068 -0.282739548 -0.271677241 -0.207743615 -0.067024565 0
0.173092565 0.205466081 0.198308118 0.57442655 0.085082154 0.717260452 -0.049455019 0.125589719 -0.067024565 1
-0.38246299 -0.238978363 -0.246136327 -0.203351228 -0.137140068 -0.282739548 -0.049455019 -0.207743615 -0.067024565 0
-0.38246299 -0.238978363 -0.246136327 -0.203351228 -0.248251179 -0.282739548 -0.16056613 -0.207743615 -0.067024565 0
0.395314788 0.205466081 0.198308118 0.241093216 -0.137140068 0.717260452 0.061656092 0.014478607 -0.067024565 1
0.61753701 -0.016756141 -0.023914104 -0.203351228 -0.137140068 0.717260452 0.394989426 0.347811941 -0.067024565 1
-0.38246299 -0.238978363 -0.246136327 -0.203351228 -0.137140068 -0.282739548 -0.049455019 -0.207743615 -0.067024565 0
-0.271351879 -0.238978363 -0.246136327 -0.203351228 -0.137140068 -0.282739548 -0.271677241 -0.207743615 -0.067024565 0
-0.38246299 -0.238978363 -0.246136327 -0.203351228 -0.137140068 -0.282739548 -0.271677241 -0.207743615 -0.067024565 0
0.284203677 0.316577192 0.087197007 0.57442655 0.751748821 0.717260452 0.617211648 0.23670083 0.155197657 1
-0.38246299 -0.238978363 -0.246136327 -0.203351228 -0.137140068 -0.282739548 -0.271677241 -0.207743615 -0.067024565 0
0.061981454 -0.127867252 -0.135025216 -0.092240117 -0.026028957 -0.282739548 -0.271677241 0.014478607 -0.067024565 0
-0.38246299 -0.238978363 -0.246136327 -0.203351228 -0.248251179 -0.282739548 -0.271677241 0.014478607 -0.067024565 0
-0.160240768 0.09435497 0.087197007 0.796648772 0.196193265 -0.282739548 -0.049455019 0.014478607 -0.067024565 1
-0.049129657 -0.127867252 -0.023914104 0.241093216 -0.026028957 0.49503823 0.394989426 0.347811941 -0.067024565 1
0.061981454 -0.238978363 -0.246136327 0.018870994 -0.137140068 -0.282739548 -0.271677241 -0.207743615 -0.067024565 0
-0.271351879 -0.238978363 -0.246136327 -0.203351228 -0.137140068 -0.282739548 -0.049455019 -0.207743615 -0.067024565 0
-0.160240768 0.09435497 0.198308118 0.018870994 0.418415487 -0.060517326 0.061656092 0.347811941 -0.067024565 0
-0.271351879 0.427688303 0.753863673 0.796648772 0.418415487 0.717260452 0.061656092 0.681145274 0.266308769 1
-0.38246299 -0.238978363 -0.246136327 -0.203351228 -0.137140068 -0.282739548 -0.16056613 -0.207743615 -0.067024565 0
-0.049129657 -0.238978363 -0.246136327 -0.203351228 -0.026028957 -0.282739548 -0.16056613 -0.096632504 -0.067024565 0
0.061981454 -0.016756141 -0.023914104 -0.203351228 -0.026028957 -0.060517326 -0.049455019 0.014478607 0.155197657 1
0.395314788 0.761021637 0.753863673 0.463315438 0.751748821 0.717260452 0.394989426 0.014478607 0.710753213 1
0.395314788 0.761021637 0.198308118 0.018870994 0.529526598 0.050593786 0.061656092 0.792256385 0.155197657 1
0.61753701 -0.016756141 0.198308118 0.129982105 -0.026028957 0.383927119 -0.049455019 0.23670083 0.155197657 1
0.173092565 0.761021637 0.753863673 0.796648772 0.751748821 0.717260452 0.506100537 0.792256385 0.932975435 1
-0.160240768 0.761021637 -0.023914104 0.796648772 0.307304376 0.717260452 0.172767204 -0.207743615 0.266308769 1
-0.160240768 -0.127867252 -0.135025216 -0.203351228 0.085082154 -0.060517326 -0.16056613 -0.207743615 -0.067024565 0
-0.049129657 0.09435497 0.087197007 -0.092240117 -0.137140068 -0.060517326 -0.16056613 -0.207743615 -0.067024565 0
-0.271351879 -0.238978363 -0.246136327 -0.203351228 -0.137140068 -0.282739548 -0.049455019 -0.207743615 -0.067024565 0
-0.271351879 -0.238978363 -0.246136327 -0.203351228 -0.137140068 -0.282739548 -0.16056613 -0.207743615 -0.067024565 0
0.173092565 0.761021637 0.753863673 0.796648772 0.529526598 0.717260452 0.394989426 0.792256385 0.599642102 1
0.061981454 0.538799414 0.531641451 0.796648772 0.196193265 0.717260452 0.506100537 0.792256385 0.155197657 1
-0.38246299 -0.238978363 -0.023914104 -0.203351228 -0.137140068 -0.282739548 -0.271677241 -0.207743615 -0.067024565 0
-0.38246299 -0.238978363 -0.023914104 -0.203351228 -0.248251179 -0.282739548 -0.16056613 -0.207743615 -0.067024565 0
-0.049129657 -0.016756141 -0.135025216 -0.203351228 -0.026028957 -0.282739548 -0.16056613 -0.207743615 -0.067024565 0
-0.38246299 -0.238978363 -0.023914104 -0.203351228 -0.137140068 -0.282739548 -0.271677241 -0.207743615 -0.067024565 0
-0.049129657 -0.238978363 -0.135025216 -0.203351228 -0.137140068 -0.282739548 -0.16056613 -0.207743615 -0.067024565 0
0.061981454 -0.238978363 -0.246136327 -0.092240117 -0.137140068 -0.282739548 -0.16056613 -0.207743615 -0.067024565 0
-0.160240768 -0.238978363 -0.135025216 -0.203351228 -0.137140068 -0.282739548 -0.16056613 -0.207743615 -0.067024565 0
-0.38246299 -0.238978363 -0.246136327 -0.203351228 -0.137140068 -0.282739548 -0.271677241 -0.207743615 -0.067024565 0
-0.38246299 -0.238978363 -0.246136327 -0.203351228 -0.137140068 -0.282739548 -0.16056613 -0.207743615 -0.067024565 0
-0.38246299 -0.238978363 -0.246136327 -0.203351228 -0.248251179 -0.282739548 -0.16056613 -0.207743615 -0.067024565 0
-0.160240768 -0.238978363 -0.246136327 0.129982105 -0.026028957 -0.282739548 -0.16056613 -0.096632504 -0.067024565 0
0.061981454 -0.016756141 0.087197007 -0.203351228 0.085082154 -0.282739548 -0.049455019 -0.207743615 -0.067024565 0
-0.38246299 -0.238978363 -0.246136327 -0.203351228 -0.137140068 -0.282739548 -0.271677241 -0.207743615 -0.067024565 0
0.61753701 0.316577192 -0.023914104 0.352204327 0.085082154 0.717260452 0.394989426 0.570034163 0.266308769 1
-0.160240768 -0.127867252 -0.135025216 -0.092240117 -0.137140068 -0.282739548 -0.049455019 -0.096632504 -0.067024565 0
-0.271351879 -0.238978363 -0.246136327 -0.203351228 -0.137140068 -0.282739548 -0.271677241 -0.207743615 -0.067024565 0
-0.271351879 -0.238978363 -0.246136327 -0.203351228 -0.137140068 -0.282739548 -0.271677241 -0.207743615 -0.067024565 0
-0.160240768 -0.016756141 -0.135025216 -0.092240117 -0.026028957 -0.282739548 -0.271677241 -0.096632504 0.155197657 0
0.284203677 0.316577192 0.309419229 0.018870994 -0.137140068 0.717260452 0.394989426 -0.207743615 -0.067024565 1
0.061981454 -0.016756141 -0.023914104 -0.092240117 -0.026028957 -0.282739548 -0.049455019 -0.207743615 -0.067024565 0
-0.271351879 -0.238978363 -0.246136327 -0.203351228 -0.137140068 -0.282739548 -0.16056613 -0.096632504 -0.067024565 0
0.061981454 -0.238978363 -0.246136327 -0.203351228 -0.026028957 -0.171628437 -0.16056613 -0.096632504 -0.067024565 0
-0.38246299 -0.238978363 -0.246136327 -0.092240117 -0.137140068 -0.282739548 -0.16056613 -0.207743615 -0.067024565 0
0.61753701 0.538799414 0.42053034 0.129982105 -0.026028957 0.717260452 0.394989426 0.681145274 -0.067024565 1
-0.160240768 -0.238978363 -0.246136327 -0.203351228 -0.137140068 -0.282739548 -0.16056613 -0.207743615 -0.067024565 0
-0.38246299 -0.238978363 -0.246136327 -0.203351228 -0.248251179 -0.282739548 -0.271677241 -0.207743615 -0.067024565 0
-0.38246299 -0.127867252 -0.023914104 -0.203351228 -0.137140068 -0.282739548 -0.16056613 -0.207743615 -0.067024565 0
-0.160240768 -0.238978363 -0.246136327 -0.203351228 -0.137140068 -0.282739548 -0.16056613 -0.207743615 -0.067024565 0
-0.160240768 -0.238978363 -0.246136327 -0.203351228 -0.137140068 -0.282739548 -0.049455019 -0.207743615 -0.067024565 0
-0.049129657 -0.238978363 -0.246136327 -0.203351228 -0.137140068 -0.282739548 -0.271677241 -0.207743615 -0.067024565 0
-0.160240768 -0.127867252 -0.246136327 -0.203351228 -0.137140068 -0.282739548 -0.16056613 -0.096632504 -0.067024565 0
-0.38246299 -0.127867252 -0.023914104 -0.203351228 -0.137140068 -0.282739548 -0.271677241 -0.207743615 -0.067024565 0
-0.160240768 0.761021637 0.531641451 0.463315438 0.307304376 0.606149341 0.617211648 0.014478607 0.710753213 1
-0.160240768 -0.238978363 -0.246136327 -0.203351228 -0.137140068 -0.282739548 -0.271677241 -0.207743615 -0.067024565 0
0.061981454 -0.016756141 -0.023914104 -0.203351228 -0.137140068 -0.282739548 -0.16056613 -0.207743615 -0.067024565 0
-0.160240768 -0.238978363 -0.246136327 -0.203351228 -0.137140068 0.050593786 -0.271677241 -0.207743615 -0.067024565 0
-0.38246299 -0.127867252 -0.246136327 0.018870994 -0.137140068 -0.282739548 -0.271677241 -0.096632504 -0.067024565 0
-0.38246299 -0.238978363 -0.246136327 -0.203351228 -0.137140068 -0.282739548 -0.16056613 -0.207743615 -0.067024565 0
-0.049129657 -0.127867252 -0.135025216 -0.203351228 -0.137140068 -0.282739548 -0.16056613 -0.207743615 -0.067024565 0
-0.38246299 -0.238978363 -0.246136327 -0.203351228 -0.137140068 -0.282739548 -0.16056613 -0.207743615 -0.067024565 0
-0.271351879 -0.016756141 -0.135025216 -0.092240117 -0.137140068 -0.171628437 -0.049455019 -0.207743615 -0.067024565 0
-0.160240768 -0.238978363 -0.135025216 -0.203351228 -0.137140068 -0.282739548 -0.16056613 -0.207743615 -0.067024565 0
-0.38246299 -0.238978363 -0.246136327 -0.203351228 -0.137140068 -0.282739548 -0.16056613 -0.207743615 -0.067024565 0
0.61753701 0.761021637 0.753863673 0.352204327 0.529526598 0.050593786 0.506100537 0.23670083 -0.067024565 1
0.061981454 -0.238978363 -0.135025216 -0.203351228 -0.137140068 -0.282739548 -0.049455019 -0.207743615 -0.067024565 0
0.395314788 0.205466081 0.309419229 -0.092240117 -0.026028957 0.717260452 0.283878315 0.347811941 -0.067024565 1
-0.160240768 -0.016756141 -0.135025216 0.352204327 -0.026028957 -0.060517326 -0.049455019 0.23670083 -0.067024565 0
0.395314788 0.427688303 0.531641451 0.241093216 0.751748821 0.717260452 0.394989426 -0.096632504 -0.067024565 1
-0.38246299 -0.238978363 -0.246136327 -0.203351228 -0.137140068 -0.282739548 -0.16056613 -0.207743615 -0.067024565 0
0.061981454 -0.127867252 -0.135025216 -0.092240117 -0.137140068 -0.171628437 -0.049455019 -0.096632504 0.044086546 0
-0.271351879 -0.016756141 -0.246136327 -0.203351228 0.196193265 -0.282739548 -0.271677241 -0.207743615 -0.067024565 0
-0.160240768 -0.127867252 -0.135025216 0.018870994 -0.137140068 -0.060517326 -0.049455019 -0.207743615 -0.067024565 0
0.61753701 0.761021637 0.753863673 0.463315438 0.751748821 0.717260452 0.506100537 -0.096632504 -0.067024565 1
-0.049129657 -0.016756141 -0.023914104 -0.203351228 -0.137140068 -0.282739548 -0.049455019 0.014478607 -0.067024565 0
0.061981454 -0.238978363 -0.023914104 -0.203351228 -0.137140068 -0.282739548 -0.16056613 -0.207743615 -0.067024565 0
-0.160240768 -0.238978363 -0.246136327 -0.203351228 -0.137140068 -0.282739548 -0.271677241 -0.207743615 -0.067024565 0
0.506425899 0.761021637 0.753863673 0.796648772 0.751748821 0.717260452 0.728322759 0.792256385 -0.067024565 1
0.061981454 -0.016756141 0.309419229 -0.203351228 -0.137140068 -0.282739548 -0.271677241 -0.207743615 -0.067024565 0
0.395314788 0.427688303 0.531641451 -0.092240117 0.085082154 -0.171628437 0.172767204 0.792256385 -0.067024565 1
-0.38246299 -0.238978363 -0.246136327 -0.203351228 -0.137140068 -0.282739548 -0.16056613 -0.207743615 -0.067024565 0
-0.271351879 -0.238978363 -0.246136327 -0.203351228 -0.137140068 -0.282739548 -0.16056613 -0.207743615 -0.067024565 0
-0.38246299 -0.016756141 -0.246136327 -0.203351228 -0.137140068 -0.282739548 -0.16056613 -0.096632504 -0.067024565 0
0.061981454 -0.238978363 -0.246136327 0.018870994 0.085082154 -0.282739548 -0.049455019 -0.096632504 -0.067024565 0
0.061981454 -0.238978363 -0.246136327 -0.203351228 -0.137140068 -0.282739548 -0.16056613 -0.096632504 -0.067024565 0
-0.160240768 -0.127867252 -0.135025216 0.018870994 -0.137140068 -0.282739548 -0.271677241 -0.207743615 -0.067024565 0
0.173092565 0.649910525 0.42053034 0.241093216 0.196193265 0.49503823 0.061656092 -0.096632504 -0.067024565 0
0.61753701 0.538799414 0.753863673 -0.203351228 -0.026028957 0.717260452 0.172767204 -0.207743615 -0.067024565 1
0.61753701 0.761021637 0.753863673 -0.203351228 0.307304376 -0.282739548 -0.16056613 0.570034163 -0.067024565 1
-0.049129657 -0.238978363 -0.246136327 -0.203351228 -0.137140068 -0.282739548 -0.271677241 -0.207743615 -0.067024565 0
-0.049129657 -0.238978363 -0.023914104 0.018870994 -0.137140068 -0.282739548 -0.271677241 -0.207743615 -0.067024565 0
0.061981454 -0.238978363 -0.246136327 -0.203351228 -0.137140068 -0.282739548 -0.271677241 -0.207743615 -0.067024565 0
0.61753701 0.09435497 -0.023914104 0.796648772 0.085082154 0.717260452 0.728322759 -0.207743615 -0.067024565 1
0.061981454 -0.127867252 -0.135025216 0.129982105 -0.137140068 0.050593786 -0.271677241 -0.207743615 -0.067024565 0
-0.38246299 -0.238978363 -0.246136327 0.018870994 -0.137140068 -0.060517326 -0.271677241 -0.207743615 -0.067024565 0
-0.38246299 -0.238978363 -0.246136327 -0.203351228 -0.137140068 -0.171628437 -0.271677241 -0.207743615 -0.067024565 0
0.061981454 -0.238978363 -0.246136327 0.352204327 -0.026028957 -0.282739548 -0.16056613 -0.207743615 -0.067024565 0
-0.271351879 -0.238978363 -0.246136327 -0.203351228 -0.137140068 -0.282739548 -0.271677241 -0.207743615 -0.067024565 0
-0.38246299 -0.238978363 -0.246136327 -0.203351228 -0.137140068 -0.282739548 -0.271677241 -0.207743615 -0.067024565 0
0.061981454 -0.238978363 -0.246136327 -0.203351228 -0.137140068 -0.282739548 -0.271677241 -0.207743615 -0.067024565 0
-0.38246299 -0.238978363 -0.246136327 -0.203351228 -0.248251179 -0.282739548 -0.271677241 -0.207743615 -0.067024565 0
0.061981454 0.427688303 0.642752562 0.57442655 0.307304376 0.717260452 0.506100537 0.792256385 -0.067024565 1
-0.049129657 -0.238978363 -0.246136327 0.018870994 -0.248251179 -0.282739548 -0.16056613 -0.207743615 -0.067024565 0
0.061981454 -0.238978363 -0.246136327 -0.203351228 -0.137140068 -0.282739548 -0.271677241 -0.207743615 -0.067024565 0
-0.160240768 -0.238978363 -0.246136327 0.018870994 -0.137140068 -0.282739548 -0.271677241 -0.207743615 -0.067024565 0
-0.049129657 0.205466081 0.198308118 0.57442655 0.307304376 0.717260452 0.728322759 0.458923052 -0.067024565 1
-0.271351879 -0.016756141 -0.246136327 -0.203351228 -0.026028957 -0.282739548 -0.271677241 -0.207743615 -0.067024565 0
0.61753701 -0.127867252 -0.135025216 -0.203351228 -0.137140068 0.272816008 -0.271677241 -0.207743615 0.044086546 1
0.61753701 0.316577192 0.198308118 0.57442655 0.196193265 0.717260452 0.506100537 0.347811941 -0.067024565 1
0.395314788 0.538799414 0.642752562 0.352204327 0.307304376 -0.060517326 0.728322759 0.792256385 -0.067024565 1
0.061981454 -0.238978363 -0.135025216 -0.203351228 -0.137140068 -0.282739548 -0.271677241 -0.207743615 -0.067024565 0
0.061981454 -0.238978363 -0.023914104 -0.203351228 -0.137140068 -0.282739548 -0.271677241 -0.207743615 -0.067024565 0
0.061981454 -0.238978363 -0.246136327 0.018870994 -0.137140068 -0.282739548 -0.271677241 -0.207743615 -0.067024565 0
-0.160240768 -0.238978363 -0.246136327 -0.203351228 -0.137140068 0.161704897 -0.271677241 -0.207743615 -0.067024565 0
0.173092565 -0.238978363 -0.246136327 0.018870994 -0.137140068 -0.282739548 -0.271677241 -0.207743615 -0.067024565 0
-0.049129657 -0.238978363 -0.246136327 -0.203351228 -0.137140068 -0.282739548 -0.271677241 -0.096632504 -0.067024565 0
-0.049129657 -0.238978363 -0.246136327 -0.203351228 -0.137140068 -0.282739548 -0.271677241 -0.207743615 -0.067024565 0
0.61753701 0.649910525 0.531641451 0.463315438 0.307304376 0.050593786 0.394989426 0.792256385 0.155197657 1
0.61753701 0.316577192 0.309419229 -0.092240117 0.085082154 0.717260452 0.617211648 0.458923052 -0.067024565 1
0.173092565 0.316577192 0.309419229 0.241093216 0.085082154 0.717260452 0.394989426 0.347811941 0.044086546 1
-0.049129657 -0.238978363 -0.246136327 -0.203351228 -0.137140068 -0.282739548 -0.271677241 -0.207743615 -0.067024565 0
-0.38246299 -0.238978363 -0.135025216 -0.203351228 -0.137140068 -0.282739548 -0.16056613 -0.207743615 -0.067024565 0
-0.160240768 -0.238978363 -0.246136327 -0.203351228 -0.248251179 -0.282739548 -0.16056613 -0.207743615 -0.067024565 0
0.173092565 -0.238978363 -0.246136327 0.018870994 -0.137140068 -0.282739548 -0.271677241 -0.207743615 -0.067024565 0
0.173092565 -0.238978363 -0.246136327 -0.203351228 -0.248251179 -0.282739548 -0.271677241 -0.207743615 -0.067024565 0
-0.049129657 -0.238978363 -0.246136327 -0.203351228 -0.137140068 -0.282739548 -0.271677241 -0.207743615 -0.067024565 0
0.061981454 -0.238978363 -0.246136327 -0.203351228 -0.137140068 -0.282739548 -0.271677241 -0.207743615 -0.067024565 0
-0.160240768 -0.238978363 -0.246136327 -0.203351228 -0.137140068 -0.282739548 -0.271677241 -0.207743615 -0.067024565 0
-0.049129657 -0.238978363 -0.135025216 -0.203351228 -0.137140068 -0.282739548 -0.271677241 -0.207743615 -0.067024565 0
-0.049129657 -0.238978363 -0.246136327 -0.203351228 -0.137140068 -0.282739548 -0.271677241 -0.207743615 -0.067024565 0
0.061981454 -0.127867252 -0.246136327 -0.203351228 -0.137140068 -0.282739548 -0.271677241 -0.207743615 -0.067024565 0
-0.049129657 0.538799414 0.42053034 0.796648772 0.085082154 0.717260452 0.394989426 0.23670083 -0.067024565 1
0.061981454 -0.238978363 -0.246136327 -0.203351228 -0.248251179 -0.282739548 -0.271677241 -0.207743615 -0.067024565 0
0.061981454 -0.016756141 -0.135025216 0.129982105 -0.137140068 -0.282739548 -0.271677241 -0.207743615 -0.067024565 0
0.506425899 0.761021637 0.753863673 0.796648772 0.751748821 0.161704897 0.728322759 0.792256385 0.932975435 1
0.395314788 0.427688303 0.531641451 0.241093216 0.196193265 0.717260452 0.617211648 0.792256385 -0.067024565 1
0.061981454 -0.238978363 -0.135025216 -0.203351228 -0.137140068 -0.282739548 -0.271677241 -0.207743615 -0.067024565 0
-0.38246299 -0.238978363 -0.246136327 0.018870994 -0.248251179 -0.060517326 -0.271677241 -0.207743615 -0.067024565 0
-0.160240768 -0.238978363 -0.246136327 -0.203351228 -0.248251179 -0.282739548 -0.16056613 -0.207743615 -0.067024565 0
0.61753701 0.761021637 0.753863673 0.796648772 0.307304376 0.717260452 0.506100537 -0.207743615 0.37741988 1
-0.160240768 0.316577192 0.087197007 0.796648772 -0.026028957 -0.060517326 -0.049455019 0.125589719 -0.067024565 1
0.173092565 -0.016756141 -0.135025216 -0.203351228 -0.026028957 0.050593786 0.061656092 -0.207743615 -0.067024565 1
-0.38246299 -0.238978363 -0.246136327 -0.203351228 -0.137140068 -0.282739548 -0.271677241 -0.207743615 -0.067024565 0
0.061981454 0.538799414 0.642752562 0.129982105 -0.026028957 0.717260452 0.394989426 -0.207743615 -0.067024565 1
-0.049129657 -0.238978363 -0.246136327 -0.203351228 -0.248251179 -0.282739548 -0.16056613 -0.207743615 -0.067024565 0
0.061981454 0.761021637 0.753863673 0.796648772 0.307304376 0.717260452 0.283878315 0.23670083 0.044086546 1
0.061981454 -0.238978363 -0.135025216 0.796648772 0.085082154 0.161704897 -0.16056613 -0.207743615 -0.067024565 0
-0.160240768 -0.238978363 -0.246136327 -0.203351228 -0.248251179 -0.282739548 -0.16056613 -0.207743615 -0.067024565 0
-0.38246299 -0.238978363 -0.246136327 -0.203351228 -0.248251179 -0.282739548 -0.271677241 -0.207743615 -0.067024565 0
-0.049129657 -0.127867252 -0.246136327 -0.203351228 -0.137140068 -0.282739548 -0.271677241 -0.207743615 -0.067024565 0
-0.049129657 -0.238978363 -0.246136327 -0.203351228 -0.137140068 -0.282739548 -0.16056613 -0.207743615 -0.067024565 0
-0.049129657 -0.238978363 -0.246136327 -0.203351228 -0.137140068 -0.282739548 -0.16056613 -0.207743615 -0.067024565 0
0.173092565 -0.238978363 -0.246136327 -0.203351228 -0.137140068 -0.282739548 -0.049455019 -0.207743615 -0.067024565 0
-0.049129657 -0.238978363 -0.246136327 -0.203351228 -0.137140068 -0.282739548 -0.16056613 -0.207743615 -0.067024565 0
-0.049129657 -0.238978363 -0.246136327 -0.092240117 -0.137140068 -0.282739548 -0.16056613 -0.207743615 -0.067024565 0
-0.049129657 -0.238978363 -0.246136327 -0.203351228 -0.137140068 -0.282739548 -0.049455019 -0.207743615 -0.067024565 0
-0.38246299 -0.238978363 -0.246136327 -0.203351228 -0.137140068 -0.282739548 -0.271677241 -0.207743615 -0.067024565 0
-0.160240768 -0.016756141 -0.246136327 -0.203351228 -0.137140068 -0.282739548 -0.271677241 -0.207743615 -0.067024565 0
0.395314788 0.761021637 0.753863673 0.796648772 0.418415487 0.161704897 0.061656092 0.570034163 0.599642102 1
-0.38246299 -0.238978363 -0.246136327 -0.203351228 -0.137140068 0.050593786 -0.271677241 -0.207743615 -0.067024565 0
0.061981454 -0.238978363 -0.246136327 -0.203351228 -0.137140068 -0.282739548 -0.271677241 -0.207743615 -0.067024565 0
-0.271351879 -0.238978363 -0.246136327 -0.203351228 -0.137140068 -0.282739548 -0.271677241 -0.207743615 -0.067024565 0
-0.38246299 -0.238978363 -0.246136327 -0.203351228 -0.137140068 -0.282739548 -0.271677241 -0.207743615 -0.067024565 0
0.061981454 -0.238978363 -0.246136327 -0.203351228 -0.137140068 -0.282739548 -0.16056613 -0.207743615 -0.067024565 0
0.061981454 -0.238978363 -0.246136327 -0.203351228 -0.137140068 -0.282739548 -0.271677241 -0.207743615 -0.067024565 0
-0.160240768 -0.238978363 -0.246136327 -0.203351228 -0.248251179 -0.282739548 -0.16056613 -0.207743615 -0.067024565 0
0.173092565 0.316577192 0.42053034 0.796648772 -0.026028957 0.717260452 0.506100537 0.792256385 0.044086546 1
-0.049129657 0.761021637 0.087197007 0.463315438 -0.026028957 0.717260452 0.617211648 0.792256385 -0.067024565 1
-0.38246299 -0.238978363 -0.246136327 -0.203351228 -0.248251179 -0.282739548 -0.271677241 -0.207743615 -0.067024565 0
-0.38246299 -0.238978363 -0.246136327 -0.203351228 -0.248251179 -0.282739548 -0.16056613 -0.207743615 -0.067024565 0
-0.160240768 -0.238978363 -0.135025216 -0.092240117 -0.137140068 -0.282739548 -0.271677241 -0.207743615 -0.067024565 0
-0.049129657 0.427688303 0.531641451 0.018870994 0.085082154 0.717260452 0.617211648 -0.207743615 -0.067024565 1
-0.38246299 -0.238978363 -0.246136327 -0.203351228 -0.026028957 -0.282739548 -0.271677241 -0.207743615 -0.067024565 0
-0.049129657 -0.238978363 -0.246136327 -0.203351228 -0.026028957 -0.282739548 -0.271677241 -0.207743615 -0.067024565 0
0.61753701 0.09435497 0.198308118 0.129982105 -0.026028957 0.161704897 0.394989426 0.014478607 -0.067024565 1
0.284203677 0.205466081 0.309419229 0.796648772 0.085082154 0.717260452 0.172767204 0.014478607 -0.067024565 1
-0.160240768 -0.238978363 -0.246136327 -0.203351228 -0.137140068 -0.282739548 -0.16056613 -0.207743615 -0.067024565 0
-0.160240768 -0.238978363 -0.246136327 -0.092240117 -0.137140068 -0.282739548 -0.271677241 -0.207743615 -0.067024565 0
-0.049129657 -0.238978363 -0.246136327 -0.203351228 -0.137140068 -0.282739548 -0.271677241 -0.207743615 -0.067024565 0
-0.049129657 -0.238978363 -0.246136327 -0.203351228 -0.137140068 -0.282739548 -0.049455019 -0.207743615 -0.067024565 0
0.173092565 -0.238978363 -0.023914104 -0.092240117 -0.137140068 -0.282739548 -0.271677241 -0.207743615 -0.067024565 0
-0.049129657 -0.238978363 -0.246136327 -0.203351228 -0.248251179 -0.282739548 -0.16056613 -0.207743615 -0.067024565 0
0.284203677 0.09435497 0.087197007 0.018870994 0.085082154 0.717260452 0.283878315 0.681145274 -0.067024565 1
-0.049129657 -0.127867252 -0.135025216 -0.203351228 -0.137140068 -0.282739548 -0.16056613 -0.207743615 -0.067024565 0
-0.38246299 -0.238978363 -0.246136327 -0.203351228 -0.248251179 -0.282739548 -0.049455019 -0.207743615 -0.067024565 0
-0.160240768 -0.238978363 -0.246136327 -0.203351228 -0.137140068 -0.282739548 -0.16056613 -0.207743615 -0.067024565 0
-0.271351879 -0.238978363 -0.246136327 -0.203351228 -0.137140068 -0.282739548 -0.16056613 -0.207743615 -0.067024565 0
-0.38246299 -0.238978363 -0.023914104 -0.092240117 -0.137140068 -0.282739548 -0.049455019 -0.207743615 -0.067024565 0
0.061981454 -0.238978363 -0.246136327 -0.203351228 -0.137140068 -0.282739548 -0.049455019 -0.207743615 -0.067024565 0
0.061981454 -0.238978363 -0.135025216 -0.203351228 -0.137140068 -0.282739548 -0.049455019 -0.207743615 -0.067024565 0
-0.049129657 -0.238978363 -0.246136327 -0.203351228 -0.137140068 -0.282739548 -0.16056613 -0.207743615 -0.067024565 0
0.173092565 -0.238978363 -0.246136327 -0.203351228 -0.137140068 -0.282739548 -0.16056613 -0.207743615 -0.067024565 0
0.061981454 -0.238978363 -0.246136327 -0.203351228 -0.137140068 -0.171628437 -0.16056613 -0.207743615 -0.067024565 0
-0.160240768 -0.238978363 -0.246136327 -0.203351228 -0.137140068 -0.282739548 -0.271677241 -0.207743615 -0.067024565 0
0.061981454 -0.016756141 -0.246136327 -0.203351228 -0.137140068 -0.282739548 -0.271677241 -0.207743615 -0.067024565 0
-0.049129657 -0.238978363 -0.246136327 -0.203351228 -0.137140068 -0.282739548 -0.16056613 -0.207743615 -0.067024565 0
-0.271351879 -0.238978363 -0.023914104 -0.092240117 -0.137140068 -0.282739548 -0.16056613 -0.207743615 -0.067024565 0
0.061981454 -0.238978363 -0.246136327 -0.203351228 -0.137140068 -0.282739548 -0.16056613 -0.207743615 -0.067024565 0
0.173092565 0.761021637 0.753863673 0.796648772 0.085082154 0.717260452 0.394989426 0.792256385 -0.067024565 1
-0.271351879 -0.238978363 -0.246136327 -0.203351228 -0.248251179 -0.282739548 -0.271677241 -0.207743615 -0.067024565 0
-0.160240768 -0.238978363 -0.246136327 -0.203351228 -0.248251179 -0.282739548 -0.271677241 -0.207743615 -0.067024565 0
0.284203677 0.538799414 -0.023914104 0.463315438 0.085082154 0.161704897 0.394989426 0.570034163 0.044086546 1
-0.160240768 -0.238978363 -0.246136327 -0.203351228 -0.137140068 -0.282739548 -0.16056613 -0.207743615 -0.067024565 0
-0.38246299 -0.238978363 -0.246136327 -0.203351228 -0.137140068 -0.282739548 -0.049455019 -0.207743615 -0.067024565 0
-0.160240768 -0.127867252 -0.135025216 -0.092240117 -0.137140068 -0.282739548 0.061656092 -0.096632504 -0.067024565 0
-0.049129657 0.09435497 -0.135025216 -0.203351228 -0.137140068 0.161704897 -0.16056613 -0.207743615 0.044086546 0
-0.160240768 -0.238978363 -0.246136327 -0.203351228 -0.137140068 -0.282739548 -0.271677241 -0.207743615 -0.067024565 0
-0.049129657 -0.016756141 -0.246136327 -0.203351228 -0.137140068 -0.282739548 0.061656092 0.570034163 -0.067024565 0
0.061981454 -0.127867252 -0.135025216 -0.092240117 -0.248251179 -0.282739548 -0.16056613 -0.207743615 -0.067024565 0
0.061981454 -0.238978363 -0.246136327 0.018870994 -0.137140068 -0.282739548 -0.271677241 -0.207743615 -0.067024565 0
-0.271351879 -0.238978363 -0.246136327 -0.203351228 -0.137140068 -0.282739548 -0.16056613 -0.207743615 -0.067024565 0
0.061981454 -0.238978363 -0.246136327 -0.203351228 -0.137140068 -0.282739548 -0.16056613 -0.207743615 -0.067024565 0
0.061981454 -0.238978363 -0.246136327 -0.203351228 -0.137140068 -0.282739548 -0.049455019 -0.207743615 -0.067024565 0
0.061981454 -0.238978363 -0.246136327 -0.203351228 -0.137140068 -0.282739548 -0.049455019 -0.207743615 -0.067024565 0
-0.38246299 -0.238978363 -0.246136327 -0.203351228 -0.137140068 -0.282739548 -0.049455019 -0.207743615 -0.067024565 0
-0.160240768 -0.238978363 -0.246136327 -0.203351228 -0.137140068 -0.282739548 -0.16056613 -0.207743615 -0.067024565 0
-0.049129657 -0.238978363 -0.246136327 -0.203351228 -0.137140068 -0.282739548 -0.049455019 -0.096632504 -0.067024565 0
0.061981454 0.427688303 0.753863673 0.796648772 0.196193265 0.717260452 0.728322759 0.792256385 -0.067024565 1
-0.160240768 -0.238978363 -0.135025216 -0.203351228 -0.137140068 -0.282739548 -0.049455019 -0.207743615 -0.067024565 0
-0.049129657 -0.238978363 -0.246136327 -0.203351228 -0.137140068 -0.060517326 -0.16056613 -0.207743615 -0.067024565 0
0.395314788 0.09435497 0.087197007 -0.203351228 0.307304376 0.717260452 -0.16056613 0.23670083 0.044086546 1
0.61753701 0.761021637 0.531641451 0.796648772 0.307304376 0.161704897 0.728322759 0.014478607 -0.067024565 1
0.395314788 0.761021637 0.087197007 0.129982105 0.529526598 0.717260452 0.506100537 -0.096632504 -0.067024565 1
0.284203677 0.316577192 0.753863673 0.241093216 -0.026028957 0.717260452 0.617211648 0.792256385 0.044086546 1
-0.160240768 -0.238978363 -0.246136327 -0.203351228 -0.137140068 -0.282739548 -0.16056613 -0.207743615 -0.067024565 0
-0.38246299 -0.238978363 -0.246136327 -0.203351228 -0.137140068 -0.282739548 -0.16056613 -0.207743615 -0.067024565 0
0.61753701 0.649910525 0.42053034 0.018870994 0.085082154 -0.171628437 0.394989426 0.458923052 -0.067024565 1
0.061981454 -0.238978363 -0.135025216 -0.203351228 -0.137140068 -0.282739548 -0.049455019 -0.207743615 -0.067024565 0
0.061981454 -0.238978363 -0.246136327 -0.203351228 -0.137140068 -0.282739548 -0.16056613 -0.207743615 -0.067024565 0
-0.38246299 -0.238978363 -0.246136327 -0.203351228 -0.137140068 -0.282739548 -0.16056613 -0.207743615 -0.067024565 0
-0.38246299 -0.238978363 -0.246136327 -0.203351228 -0.137140068 -0.282739548 -0.16056613 -0.207743615 -0.067024565 0
-0.38246299 -0.238978363 -0.246136327 -0.203351228 -0.137140068 -0.282739548 -0.049455019 -0.207743615 -0.067024565 0
0.061981454 -0.238978363 -0.135025216 -0.203351228 -0.137140068 -0.282739548 -0.16056613 -0.207743615 -0.067024565 0
0.061981454 0.427688303 0.753863673 0.352204327 0.196193265 0.717260452 0.394989426 0.23670083 -0.067024565 1
0.173092565 0.761021637 0.198308118 0.241093216 0.085082154 0.717260452 0.283878315 0.792256385 -0.067024565 1
-0.160240768 -0.238978363 -0.246136327 -0.203351228 -0.137140068 -0.282739548 -0.271677241 -0.207743615 -0.067024565 0
0.061981454 -0.238978363 -0.246136327 0.352204327 -0.026028957 -0.282739548 -0.271677241 -0.207743615 -0.067024565 0
-0.38246299 -0.238978363 -0.246136327 -0.203351228 -0.137140068 -0.282739548 -0.271677241 -0.207743615 -0.067024565 0
0.395314788 0.761021637 0.753863673 0.796648772 0.307304376 0.717260452 0.728322759 0.792256385 -0.067024565 1
0.061981454 -0.238978363 -0.246136327 -0.203351228 -0.137140068 -0.282739548 -0.16056613 -0.096632504 -0.067024565 0
0.506425899 0.538799414 0.531641451 0.685537661 0.307304376 -0.060517326 0.061656092 -0.207743615 -0.067024565 1
0.061981454 -0.238978363 -0.246136327 -0.203351228 -0.137140068 -0.282739548 -0.271677241 -0.207743615 -0.067024565 0
-0.049129657 0.761021637 0.531641451 0.241093216 0.085082154 -0.282739548 0.728322759 -0.207743615 -0.067024565 1
-0.271351879 0.205466081 0.42053034 0.352204327 0.085082154 0.717260452 0.394989426 0.347811941 -0.067024565 1
0.61753701 -0.016756141 0.087197007 0.241093216 -0.026028957 0.717260452 0.061656092 -0.207743615 -0.067024565 1
0.061981454 -0.238978363 -0.135025216 -0.203351228 -0.137140068 -0.282739548 -0.271677241 -0.207743615 -0.067024565 0
-0.049129657 0.538799414 0.309419229 0.018870994 0.085082154 0.717260452 0.394989426 -0.207743615 -0.067024565 1
0.061981454 -0.238978363 -0.246136327 -0.203351228 -0.137140068 -0.282739548 -0.16056613 -0.207743615 -0.067024565 0
-0.049129657 -0.238978363 -0.135025216 -0.203351228 -0.137140068 -0.282739548 -0.16056613 -0.207743615 -0.067024565 0
0.061981454 -0.238978363 -0.023914104 -0.203351228 -0.137140068 -0.282739548 -0.049455019 -0.207743615 -0.067024565 0
-0.160240768 -0.238978363 -0.246136327 -0.203351228 -0.137140068 -0.282739548 -0.16056613 -0.207743615 -0.067024565 0
0.061981454 -0.127867252 0.087197007 -0.203351228 -0.248251179 -0.282739548 -0.271677241 -0.207743615 -0.067024565 0
-0.160240768 -0.238978363 -0.246136327 -0.203351228 -0.137140068 -0.282739548 -0.16056613 -0.207743615 -0.067024565 0
-0.38246299 -0.238978363 -0.246136327 -0.203351228 -0.248251179 -0.282739548 -0.16056613 -0.207743615 -0.067024565 0
-0.049129657 -0.238978363 -0.246136327 -0.203351228 -0.137140068 -0.282739548 -0.16056613 -0.207743615 -0.067024565 0
0.061981454 0.09435497 0.309419229 0.57442655 0.085082154 -0.282739548 0.506100537 0.792256385 -0.067024565 1
0.061981454 -0.016756141 -0.135025216 0.57442655 0.196193265 0.717260452 0.506100537 -0.207743615 0.044086546 1
0.61753701 0.205466081 0.753863673 0.018870994 0.196193265 0.49503823 0.394989426 0.570034163 0.155197657 1
-0.049129657 -0.238978363 -0.246136327 -0.092240117 -0.137140068 -0.282739548 -0.271677241 -0.207743615 -0.067024565 0
-0.38246299 -0.238978363 -0.246136327 -0.203351228 -0.137140068 -0.282739548 -0.271677241 -0.207743615 -0.067024565 0
0.061981454 0.761021637 0.753863673 0.796648772 0.751748821 0.717260452 0.728322759 -0.207743615 -0.067024565 1
0.061981454 -0.238978363 -0.246136327 -0.203351228 -0.137140068 -0.282739548 -0.271677241 -0.207743615 -0.067024565 0
0.61753701 0.09435497 -0.023914104 0.796648772 -0.026028957 0.717260452 0.394989426 -0.207743615 0.044086546 1
0.061981454 0.761021637 0.753863673 0.796648772 0.196193265 -0.171628437 0.506100537 0.23670083 -0.067024565 1
0.395314788 0.761021637 0.753863673 0.796648772 0.307304376 0.717260452 0.728322759 0.792256385 0.932975435 1
-0.271351879 -0.016756141 -0.246136327 -0.203351228 -0.137140068 -0.282739548 -0.16056613 -0.207743615 -0.067024565 0
-0.271351879 -0.238978363 -0.246136327 -0.203351228 -0.248251179 -0.282739548 -0.16056613 -0.207743615 -0.067024565 0
-0.049129657 -0.238978363 -0.023914104 -0.203351228 -0.137140068 -0.282739548 -0.16056613 -0.207743615 -0.067024565 0
-0.160240768 -0.238978363 -0.246136327 -0.203351228 -0.137140068 -0.282739548 -0.16056613 -0.207743615 -0.067024565 0
-0.049129657 -0.238978363 -0.246136327 -0.203351228 -0.137140068 -0.282739548 -0.16056613 -0.207743615 -0.067024565 0
0.061981454 -0.238978363 -0.246136327 -0.203351228 -0.137140068 -0.282739548 -0.16056613 -0.207743615 -0.067024565 0
-0.160240768 -0.238978363 -0.246136327 -0.203351228 -0.137140068 -0.282739548 -0.16056613 -0.207743615 -0.067024565 0
0.173092565 -0.016756141 -0.023914104 0.018870994 -0.026028957 -0.171628437 0.283878315 -0.207743615 -0.067024565 0
0.284203677 -0.238978363 -0.135025216 0.018870994 -0.137140068 -0.282739548 -0.16056613 -0.207743615 -0.067024565 0
-0.38246299 -0.238978363 -0.246136327 -0.203351228 -0.137140068 -0.282739548 -0.271677241 -0.207743615 -0.067024565 0
0.061981454 -0.238978363 -0.246136327 -0.092240117 -0.248251179 -0.282739548 -0.16056613 -0.207743615 -0.067024565 0
-0.160240768 -0.238978363 -0.023914104 -0.203351228 -0.026028957 0.050593786 -0.271677241 -0.207743615 -0.067024565 0
-0.049129657 0.316577192 0.309419229 0.241093216 0.418415487 0.272816008 0.394989426 0.458923052 0.155197657 1
-0.271351879 -0.238978363 -0.246136327 -0.203351228 -0.137140068 0.161704897 -0.271677241 -0.207743615 -0.067024565 0
-0.271351879 -0.238978363 -0.246136327 -0.203351228 -0.137140068 -0.282739548 -0.271677241 -0.207743615 -0.067024565 0
-0.049129657 -0.238978363 -0.246136327 -0.203351228 -0.137140068 -0.282739548 -0.271677241 -0.207743615 -0.067024565 0
0.173092565 -0.127867252 -0.023914104 -0.203351228 -0.137140068 -0.282739548 -0.271677241 -0.207743615 -0.067024565 0
0.061981454 -0.238978363 -0.246136327 -0.203351228 -0.137140068 -0.282739548 -0.16056613 -0.207743615 -0.067024565 0
-0.38246299 -0.238978363 -0.246136327 -0.203351228 -0.137140068 -0.282739548 -0.271677241 -0.207743615 -0.067024565 0
0.395314788 0.427688303 0.087197007 0.129982105 0.196193265 -0.060517326 0.172767204 0.792256385 -0.067024565 1
-0.160240768 -0.238978363 -0.246136327 -0.203351228 -0.137140068 -0.282739548 -0.271677241 -0.207743615 -0.067024565 0
-0.160240768 -0.238978363 0.087197007 -0.203351228 -0.137140068 -0.282739548 -0.271677241 -0.207743615 -0.067024565 0
0.61753701 0.761021637 0.42053034 0.57442655 0.418415487 -0.282739548 0.728322759 0.792256385 0.155197657 1
-0.049129657 -0.127867252 0.087197007 0.018870994 -0.137140068 -0.171628437 -0.16056613 -0.207743615 -0.067024565 0
-0.049129657 -0.238978363 -0.246136327 -0.203351228 -0.137140068 -0.282739548 -0.271677241 -0.207743615 -0.067024565 0
0.061981454 -0.238978363 -0.246136327 0.018870994 -0.137140068 -0.282739548 -0.271677241 -0.207743615 -0.067024565 0
-0.049129657 -0.238978363 -0.246136327 0.018870994 -0.137140068 -0.282739548 -0.271677241 -0.207743615 -0.067024565 0
-0.160240768 -0.238978363 -0.246136327 -0.203351228 -0.137140068 -0.282739548 -0.16056613 -0.207743615 -0.067024565 0
-0.160240768 -0.238978363 -0.246136327 -0.203351228 -0.137140068 -0.282739548 -0.16056613 -0.207743615 -0.067024565 0
-0.38246299 -0.238978363 -0.246136327 -0.203351228 -0.137140068 -0.282739548 -0.271677241 -0.207743615 -0.067024565 0
-0.271351879 -0.238978363 -0.246136327 -0.203351228 -0.137140068 -0.282739548 -0.271677241 -0.207743615 -0.067024565 0
-0.160240768 -0.238978363 -0.246136327 -0.203351228 -0.137140068 -0.282739548 -0.16056613 -0.207743615 -0.067024565 0
-0.38246299 -0.127867252 -0.135025216 -0.203351228 -0.137140068 -0.282739548 -0.271677241 -0.207743615 -0.067024565 0
-0.38246299 -0.238978363 -0.246136327 0.018870994 -0.137140068 -0.282739548 -0.271677241 -0.207743615 -0.067024565 0
0.061981454 0.761021637 0.753863673 0.796648772 0.751748821 -0.171628437 0.728322759 0.792256385 0.932975435 1
-0.160240768 -0.238978363 -0.246136327 -0.203351228 -0.137140068 -0.282739548 -0.16056613 -0.207743615 -0.067024565 0
-0.160240768 -0.238978363 -0.246136327 -0.092240117 -0.026028957 0.050593786 -0.271677241 -0.207743615 -0.067024565 0
-0.38246299 -0.127867252 -0.246136327 0.018870994 -0.137140068 -0.282739548 -0.16056613 -0.207743615 -0.067024565 0
0.061981454 -0.238978363 -0.246136327 -0.203351228 -0.137140068 -0.282739548 -0.16056613 -0.096632504 -0.067024565 0
-0.049129657 -0.238978363 -0.246136327 -0.203351228 -0.137140068 -0.282739548 -0.16056613 -0.207743615 -0.067024565 0
-0.160240768 -0.238978363 -0.246136327 -0.203351228 -0.137140068 -0.282739548 -0.049455019 -0.207743615 -0.067024565 0
-0.160240768 -0.238978363 -0.246136327 -0.203351228 -0.137140068 -0.282739548 -0.16056613 -0.207743615 -0.067024565 0
0.061981454 -0.238978363 -0.246136327 -0.203351228 -0.137140068 -0.282739548 -0.16056613 -0.207743615 -0.067024565 0
0.061981454 0.09435497 0.198308118 -0.203351228 0.529526598 -0.282739548 -0.049455019 0.347811941 -0.067024565 0
0.284203677 0.538799414 0.531641451 0.463315438 -0.026028957 0.717260452 0.394989426 -0.096632504 0.155197657 1
-0.38246299 -0.238978363 -0.246136327 -0.203351228 -0.137140068 -0.282739548 -0.271677241 -0.207743615 -0.067024565 0
-0.38246299 -0.238978363 -0.246136327 -0.203351228 -0.137140068 -0.282739548 -0.16056613 -0.207743615 -0.067024565 0
-0.049129657 -0.238978363 -0.246136327 -0.203351228 -0.137140068 -0.282739548 -0.049455019 -0.207743615 -0.067024565 0
-0.38246299 -0.238978363 -0.023914104 -0.203351228 -0.137140068 -0.282739548 -0.16056613 -0.207743615 -0.067024565 0
-0.38246299 -0.238978363 -0.023914104 -0.203351228 -0.137140068 -0.282739548 -0.16056613 -0.207743615 -0.067024565 0
-0.160240768 -0.238978363 -0.246136327 0.018870994 -0.137140068 -0.282739548 -0.16056613 -0.207743615 -0.067024565 0
-0.38246299 -0.238978363 -0.246136327 -0.203351228 -0.137140068 -0.282739548 -0.271677241 -0.207743615 -0.067024565 0
0.061981454 -0.127867252 -0.135025216 -0.092240117 -0.137140068 -0.282739548 -0.271677241 -0.207743615 0.044086546 0
-0.160240768 -0.238978363 -0.246136327 -0.203351228 -0.137140068 -0.282739548 -0.049455019 -0.207743615 -0.067024565 0
0.061981454 0.427688303 0.087197007 -0.203351228 0.307304376 -0.282739548 0.394989426 0.792256385 0.155197657 1
0.061981454 0.761021637 0.753863673 0.57442655 0.196193265 0.161704897 0.394989426 0.792256385 -0.067024565 1
-0.160240768 0.761021637 0.42053034 0.57442655 0.196193265 0.49503823 0.394989426 0.125589719 -0.067024565 1
-0.160240768 -0.127867252 -0.246136327 -0.092240117 -0.137140068 -0.282739548 -0.049455019 -0.207743615 -0.067024565 0
-0.271351879 -0.238978363 -0.246136327 -0.203351228 -0.137140068 -0.282739548 -0.049455019 -0.207743615 -0.067024565 0
0.061981454 -0.016756141 -0.135025216 -0.203351228 -0.026028957 -0.282739548 -0.271677241 -0.207743615 -0.067024565 0
-0.38246299 -0.238978363 -0.246136327 -0.203351228 -0.137140068 -0.282739548 -0.16056613 -0.207743615 -0.067024565 0
-0.049129657 -0.238978363 0.087197007 -0.203351228 -0.137140068 -0.282739548 -0.271677241 -0.207743615 -0.067024565 0
-0.38246299 -0.238978363 -0.135025216 -0.203351228 -0.137140068 -0.282739548 -0.16056613 -0.207743615 -0.067024565 0
0.061981454 -0.238978363 -0.246136327 -0.203351228 -0.137140068 -0.282739548 -0.271677241 -0.207743615 -0.067024565 0
-0.38246299 -0.238978363 -0.246136327 -0.203351228 -0.137140068 -0.282739548 -0.271677241 -0.207743615 -0.067024565 0
-0.271351879 -0.238978363 -0.246136327 -0.203351228 -0.137140068 -0.282739548 -0.271677241 -0.207743615 -0.067024565 0
0.61753701 0.761021637 0.753863673 0.796648772 0.196193265 0.717260452 0.728322759 0.792256385 0.599642102 1
0.061981454 0.761021637 0.753863673 0.796648772 0.085082154 0.717260452 0.172767204 0.347811941 0.155197657 1
0.061981454 -0.238978363 -0.246136327 -0.203351228 -0.137140068 -0.282739548 -0.049455019 -0.096632504 -0.067024565 0
-0.38246299 -0.238978363 -0.246136327 -0.203351228 -0.137140068 -0.282739548 -0.271677241 -0.207743615 -0.067024565 0
-0.38246299 -0.238978363 -0.246136327 -0.203351228 -0.137140068 -0.282739548 -0.271677241 -0.207743615 -0.067024565 0
-0.38246299 -0.238978363 -0.246136327 -0.203351228 -0.137140068 -0.282739548 -0.271677241 -0.207743615 -0.067024565 0
-0.38246299 -0.238978363 -0.246136327 -0.203351228 -0.137140068 -0.282739548 -0.271677241 -0.207743615 -0.067024565 0
-0.160240768 -0.238978363 -0.246136327 -0.203351228 -0.137140068 -0.282739548 -0.16056613 0.014478607 -0.067024565 0
-0.049129657 -0.238978363 -0.246136327 -0.203351228 -0.137140068 -0.282739548 -0.271677241 -0.207743615 -0.067024565 0
-0.38246299 -0.238978363 -0.246136327 -0.203351228 -0.137140068 -0.282739548 -0.271677241 -0.207743615 0.710753213 0
-0.38246299 -0.238978363 -0.246136327 0.018870994 -0.137140068 -0.282739548 -0.271677241 -0.207743615 -0.067024565 0
0.061981454 0.761021637 0.753863673 0.241093216 0.085082154 0.161704897 0.061656092 0.125589719 -0.067024565 1
-0.160240768 -0.238978363 -0.246136327 -0.203351228 -0.137140068 -0.282739548 -0.271677241 -0.207743615 -0.067024565 0
-0.160240768 -0.238978363 -0.246136327 -0.203351228 -0.137140068 -0.282739548 -0.16056613 -0.207743615 0.044086546 0
-0.160240768 -0.238978363 -0.246136327 -0.203351228 -0.026028957 -0.171628437 -0.271677241 -0.207743615 -0.067024565 0
-0.271351879 -0.238978363 -0.246136327 -0.203351228 -0.137140068 -0.282739548 -0.271677241 -0.207743615 -0.067024565 0
0.061981454 0.761021637 0.753863673 0.018870994 0.418415487 -0.060517326 0.506100537 0.792256385 0.044086546 1
-0.049129657 0.538799414 0.309419229 0.129982105 -0.026028957 0.050593786 0.728322759 0.347811941 -0.067024565 1
-0.049129657 0.538799414 0.531641451 0.241093216 0.085082154 0.161704897 0.728322759 0.125589719 -0.067024565 1
