[-10.103871422831364, 0.5350089841389074, -0.006277326548799986, 0.3227056834892231, 0.3306340556506056, 0.09663345240447464, 0.38302371841166033, 0.447183614620244, 0.21302991587474793, 0.5348280705996659]
0.07532078416226563
101449

Unique

[-9.40317084870481, 0.513442029361829, 0.010307226326166184, 0.28313213137382787, 0.305922605978011, 0.08986813220945644, 0.3576764895743022, 0.4100148645916569, 0.20224509331575477, 0.4906837830486626]
0.11130846233485714
73935

minmax

[-7.2471316117547175, 4.815147565624701, -0.05643636939621767, 2.9042827765545907, 2.9757072058843845, 0.8697120261586591, 3.447220870223499, 4.024664725970387, 1.917275210325455, 4.813046962894355]
0.07532078419941443
537003

meanNorm

[-1.0941647000049906, 4.815151063969657, -0.056435385077434216, 2.9042811721001716, 2.9757071433047475, 0.8697125859872883, 3.447221024086497, 4.024665275142147, 1.9172754662851959, 4.81302400200482]
0.07532078415578096
536734