================================================================
Iteration 100: 
Cost: 11.181350506074304
Theta: 34.97727213651714, -0.08242870628392325, 0.04279987148857459, 0.029714419376484384, 2.8275250315618323, -16.69418760519306, 3.86266305251146, 0.0007171217091109078, -1.3961859120925826, 0.2653184953428166, -0.012157603794567139, -0.9444647149124775, 0.010424198072493762, -0.5484513534692479, 
================================================================
Iteration 200: 
Cost: 11.181350506058727
Theta: 34.97727214706326, -0.08242870269898447, 0.0427998695934036, 0.02971438761811912, 2.8275250318514145, -16.694187602933066, 3.8626630244450832, 0.0007171248159053711, -1.3961859767017617, 0.2653184471724355, -0.01215760256670039, -0.9444646194503155, 0.010424194833186675, -0.5484514110218174, 
================================================================
Iteration 100: 
Cost: 11.181350506041573
Theta: 34.97727215838714, -0.08242869854294317, 0.04279986773041581, 0.029714354121049745, 2.8275250321671836, -16.694187600500584, 3.862662993933267, 0.0007171283518963415, -1.396186046387986, 0.2653183961469341, -0.012157598814900824, -0.9444645174139313, 0.010424193404922642, -0.548451470944016, 
================================================================
Iteration 200: 
Cost: 11.181350506026618
Theta: 34.97727216887679, -0.0824286944235726, 0.04279986609889096, 0.029714323544092883, 2.827525032464057, -16.69418759824424, 3.862662965272174, 0.0007171313781645418, -1.3961861112861367, 0.2653183494250348, -0.012157595824226283, -0.9444644233871404, 0.010424191763994622, -0.548451524884621, 
================================================================
Iteration 300: 
Cost: 11.181350506011743
Theta: 34.97727217897456, -0.08242869022119118, 0.042799864578336934, 0.02971429446003729, 2.827525032753813, -16.6941875960707, 3.8626629372943793, 0.0007171338303198929, -1.396186174105474, 0.2653183048884807, -0.012157594873547072, -0.9444643333549038, 0.010424188691127477, -0.5484515754893423, 
================================================================
Iteration 100: 
Cost: 11.181350505987862
Theta: 34.97727219592032, -0.08242868263243641, 0.04279986225587814, 0.02971424658128987, 2.8275250332496515, -16.69418759241571, 3.862662889609353, 0.0007171378053293674, -1.3961862801637062, 0.26531823129853016, -0.012157592177147843, -0.9444641832139771, 0.010424184569067118, -0.548451657384086, 
================================================================
Iteration 200: 
Cost: 11.181350505973832
Theta: 34.9772722063044, -0.08242867765911834, 0.04279986094135759, 0.02971421775633791, 2.8275250335595072, -16.694187590172618, 3.8626628599133204, 0.0007171399443224622, -1.3961863455753711, 0.26531818686352915, -0.0121575911955344, -0.9444640918291682, 0.010424181588411503, -0.5484517058116629, 
================================================================
Iteration 300: 
Cost: 11.181350505959847
Theta: 34.97727221630984, -0.0824286726294225, 0.042799859803016684, 0.029714190417707963, 2.8275250338627247, -16.69418758800717, 3.862662831009768, 0.0007171421624262366, -1.3961864088511347, 0.2653181445977794, -0.012157588469688495, -0.9444640041719824, 0.010424180218211062, -0.5484517511629728, 
================================================================
Iteration 100: 
Cost: 11.181350505937365
Theta: 34.97727223309743, -0.08242866369211653, 0.04279985805401085, 0.029714145310895702, 2.827525034381572, -16.69418758436908, 3.8626627817781425, 0.0007171454096358337, -1.3961865156762747, 0.2653180747047277, -0.012157585133656328, -0.9444638580864212, 0.010424177052690973, -0.5484518246707013, 
================================================================
Iteration 200: 
Cost: 11.181350505924119
Theta: 34.97727224338862, -0.08242865790396961, 0.04279985710928581, 0.029714118162537544, 2.8275250347061704, -16.69418758213492, 3.8626627511756335, 0.0007171473243970624, -1.3961865815368235, 0.2653180325317187, -0.01215758254741838, -0.944463769117185, 0.010424175631713353, -0.5484518681346217, 
================================================================
Iteration 300: 
Cost: 11.181350505910924
Theta: 34.97727225329747, -0.08242865211915923, 0.04279985623996716, 0.029714092302297303, 2.8275250350233327, -16.69418757998279, 3.86266272136552, 0.0007171487664576117, -1.39618664526571, 0.26531799233036973, -0.012157581848666985, -0.9444636839237917, 0.010424172872512946, -0.5484519089608356, 
================================================================
Iteration 400: 
Cost: 11.181350505897955
Theta: 34.97727226353716, -0.08242864591363348, 0.04279985546036401, 0.029714065973560844, 2.827525035356222, -16.694187577755095, 3.862662690281233, 0.0007171504023890172, -1.3961867113661954, 0.26531795131831654, -0.012157579531428118, -0.9444635962926492, 0.010424171370070583, -0.548451949992022, 
================================================================
Iteration 500: 
Cost: 11.18135050588523
Theta: 34.97727227339776, -0.08242863973162977, 0.042799854755424756, 0.029714040893993644, 2.8275250356815667, -16.694187575608716, 3.862662660021269, 0.0007171516460419444, -1.3961867753185382, 0.2653179122312863, -0.012157578711705827, -0.9444635123639732, 0.010424168837191938, -0.5484519885365734, 
================================================================
Iteration 600: 
Cost: 11.181350505872572
Theta: 34.97727228358735, -0.08242863312431029, 0.042799854134424865, 0.029714015342864265, 2.827525036022984, -16.694187573387445, 3.862662628476291, 0.0007171530291474058, -1.3961868416479442, 0.26531787234766036, -0.012157576619022564, -0.9444634260455403, 0.010424167283772896, -0.5484520272943795, 
================================================================
Iteration 700: 
Cost: 11.181350505860284
Theta: 34.9772722934009, -0.08242862656036229, 0.042799853585899474, 0.029713991002512728, 2.8275250363567093, -16.694187571246875, 3.862662597785258, 0.0007171540855930356, -1.3961869058137772, 0.26531783434170364, -0.012157575717070315, -0.9444633433603581, 0.010424164940788993, -0.5484520637081344, 
================================================================
Iteration 800: 
Cost: 11.181350505847885
Theta: 34.97727230354179, -0.08242861956647661, 0.042799853117141046, 0.02971396618947917, 2.827525036706861, -16.69418756903199, 3.862662565799685, 0.0007171552390088613, -1.3961869723611893, 0.2653177955542054, -0.012157573813394738, -0.9444632583293079, 0.010424163359924861, -0.5484521003410386, 
================================================================
Iteration 900: 
Cost: 11.181350505835963
Theta: 34.97727231330951, -0.08242861263540346, 0.042799852717602914, 0.02971394254968879, 2.827525037049136, -16.694187566897305, 3.8626625346956858, 0.0007171561195724203, -1.396187036730517, 0.2653177585967621, -0.012157572858975308, -0.9444631768657539, 0.010424161177881213, -0.5484521347642196, 
================================================================
Iteration 1000: 
Cost: 11.181350505823861
Theta: 34.97727232340314, -0.08242860526981237, 0.04279985239490375, 0.029713918437600056, 2.8275250374081855, -16.69418756468874, 3.8626625022886967, 0.0007171570639783674, -1.3961871034851296, 0.2653177208734171, -0.012157571115774845, -0.9444630930968303, 0.010424159587655522, -0.5484521694105604, 
================================================================
Iteration 1100: 
Cost: 11.181350505812249
Theta: 34.97727233312628, -0.08242859798601353, 0.04279985213740222, 0.02971389546228449, 2.827525037759155, -16.694187562559915, 3.862662470789152, 0.0007171577798910145, -1.3961871680479585, 0.2653176849326066, -0.012157570131640733, -0.9444630128325634, 0.010424157543470045, -0.5484522019735452, 
================================================================
Iteration 1200: 
Cost: 11.18135050580044
Theta: 34.977272343174015, -0.08242859026320591, 0.042799851954774426, 0.029713872016210178, 2.8275250381272405, -16.694187560357648, 3.8626624379790657, 0.0007171585338481889, -1.396187234999082, 0.2653176482418417, -0.012157568525921406, -0.9444629303005935, 0.010424155957701232, -0.5484522347622137, 
================================================================
Iteration 1300: 
Cost: 11.181350505789105
Theta: 34.977272352853774, -0.08242858264067071, 0.0427998518327826, 0.029713849671641753, 2.827525038487007, -16.69418755823469, 3.8626624061007457, 0.0007171590960899806, -1.3961872997454539, 0.2653176132864591, -0.012157567529355939, -0.944462851212929, 0.010424154032909106, -0.5484522655862654, 
================================================================
Iteration 1400: 
Cost: 11.181350505777562
Theta: 34.977272362856915, -0.08242857457476034, 0.042799851784441637, 0.02971382685873711, 2.8275250388642346, -16.69418755603864, 3.862662372905075, 0.000717159676320273, -1.3961873668825273, 0.2653175775971648, -0.012157566042500954, -0.9444627698928498, 0.010424152462079271, -0.5484522966373526, 
================================================================
Iteration 1500: 
Cost: 11.181350505766467
Theta: 34.97727237283956, -0.0824285663360653, 0.042799851818865205, 0.029713804376096265, 2.827525039246259, -16.69418755384476, 3.8626623395301127, 0.0007171602928183515, -1.3961874341042297, 0.26531754242398703, -0.012157563875844175, -0.9444626891486708, 0.010424151495313793, -0.5484523268257044, 
================================================================
Iteration 1600: 
Cost: 11.181350505755189
Theta: 34.977272382454444, -0.0824285582318001, 0.04279985187218188, 0.02971378290273503, 2.8275250396193394, -16.69418755173157, 3.862662307099605, 0.0007171605171280124, -1.396187499115145, 0.2653175088782636, -0.0121575636633848, -0.9444626118257607, 0.010424149093829424, -0.5484523552606975, 
================================================================
Iteration 1700: 
Cost: 11.18135050574421
Theta: 34.977272392394156, -0.08242854967134382, 0.04279985202898328, 0.02971376100303977, 2.827525040010597, -16.69418754954399, 3.8626622733618277, 0.0007171609565775328, -1.396187566508409, 0.26531747465664846, -0.012157561751945649, -0.9444625322626024, 0.010424148025305113, -0.5484523838821126, 
================================================================
Iteration 1800: 
Cost: 11.181350505733302
Theta: 34.97727240196908, -0.08242854126088023, 0.04279985220682339, 0.029713740089592194, 2.827525040392678, -16.69418754743631, 3.862662240594217, 0.0007171610801568197, -1.3961876316768467, 0.2653174420252513, -0.012157561385876396, -0.9444624560515199, 0.01042414584681299, -0.5484524108415202, 
================================================================
Iteration 1900: 
Cost: 11.181350505722465
Theta: 34.97727241186723, -0.08242853239166947, 0.04279985248150961, 0.029713718745606858, 2.8275250407932218, -16.694187545254902, 3.8626622065098046, 0.0007171613611135268, -1.3961876992311955, 0.2653174087263142, -0.01215755968437431, -0.9444623776432602, 0.010424144709019569, -0.5484524379955685, 
================================================================
Iteration 2000: 
Cost: 11.181350505711851
Theta: 34.97727242140334, -0.08242852368779528, 0.042799852777714024, 0.029713698364260663, 2.827525041184337, -16.694187543152736, 3.862662173419185, 0.0007171613875616611, -1.396187764547799, 0.2653173769795116, -0.01215755920688594, -0.9444623025224665, 0.010424142715554944, -0.548452463574742, 
================================================================
Iteration 2100: 
Cost: 11.181350505701195
Theta: 34.97727243126126, -0.08242851452249925, 0.04279985316583156, 0.029713677550207606, 2.8275250415941993, -16.694187540977328, 3.8626621390035574, 0.0007171615262209275, -1.3961878322529713, 0.2653173445747891, -0.01215755767931486, -0.9444622252434943, 0.010424141533658176, -0.5484524893543723, 
================================================================
Iteration 2200: 
Cost: 11.181350505690833
Theta: 34.977272440759656, -0.08242850553759028, 0.042799853574691016, 0.02971365767500685, 2.827525041994357, -16.69418753888059, 3.8626621056035777, 0.0007171614598795656, -1.396187897708456, 0.26531731368372635, -0.012157557123066893, -0.9444621511911832, 0.01042413969511799, -0.5484525136419516, 
================================================================
Iteration 2300: 
Cost: 11.181350505680337
Theta: 34.9772724505786, -0.08242849608853677, 0.0427998540718576, 0.02971363736650245, 2.827525042413551, -16.694187536711077, 3.862662070871454, 0.0007171614704598704, -1.3961879655544058, 0.2653172821452397, -0.012157555740723247, -0.9444620750163554, 0.01042413848854531, -0.5484525381339207, 
================================================================
Iteration 2400: 
Cost: 11.181350505670194
Theta: 34.977272460040425, -0.08242848683457189, 0.04279985458805352, 0.029713617973181058, 2.827525042822751, -16.694187534619743, 3.8626620371753, 0.0007171613161378441, -1.3961880311395758, 0.26531725208189916, -0.012157555130917777, -0.9444620020105785, 0.010424136781005355, -0.5484525612123496, 
================================================================
Iteration 2500: 
Cost: 11.181350505659879
Theta: 34.97727246982172, -0.08242847711374543, 0.04279985518998086, 0.02971359814716882, 2.827525043251279, -16.694187532456013, 3.86266200214075, 0.0007171612111911668, -1.3961880991164632, 0.2653172213822038, -0.012157553870852069, -0.9444619269151978, 0.010424135564689706, -0.5484525844976262, 
================================================================
Iteration 2600: 
Cost: 11.181350505649938
Theta: 34.97727247924803, -0.08242846760232021, 0.04279985580853706, 0.029713579213004392, 2.8275250436695085, -16.69418753037, 3.8626619681611514, 0.0007171609739568656, -1.3961881648222336, 0.2653171921193721, -0.012157553226861057, -0.9444618549339694, 0.010424133969082764, -0.5484526064436249, 
================================================================
Iteration 2700: 
Cost: 11.181350505639779
Theta: 34.97727248899281, -0.08242845762136258, 0.04279985651104657, 0.029713559847687063, 2.827525044107349, -16.69418752821191, 3.8626619328376366, 0.0007171607646212704, -1.3961882329204243, 0.2653171622315934, -0.012157552070658995, -0.9444617808937618, 0.010424132754440547, -0.5484526285977765, 
================================================================
Iteration 2800: 
Cost: 11.181350505630016
Theta: 34.97727249838479, -0.08242844786370197, 0.04279985722728962, 0.029713541351371747, 2.827525044534577, -16.694187526131124, 3.8626618985868775, 0.0007171604496476042, -1.396188298737843, 0.2653171337428341, -0.01215755140730145, -0.9444617099151456, 0.010424131255517964, -0.5484526494827674, 
================================================================
Iteration 2900: 
Cost: 11.181350505620024
Theta: 34.977272508094316, -0.08242843763391404, 0.042799858026323336, 0.029713522426143703, 2.8275250449817038, -16.694187523978535, 3.862661862987283, 0.0007171601458526867, -1.396188366947908, 0.265317104640697, -0.01215755034012922, -0.9444616369062517, 0.010424130051213919, -0.5484526705763193, 
================================================================
Iteration 3000: 
Cost: 11.181350505610345
Theta: 34.97727251778774, -0.0824284272788487, 0.04279985888665891, 0.029713503733879744, 2.8275250454336347, -16.694187521827885, 3.8626618272605944, 0.0007171598955690513, -1.3961884352064118, 0.26531707594356274, -0.01215754870696582, -0.944461564387348, 0.010424129344866188, -0.5484526911375108, 
================================================================
Iteration 3100: 
Cost: 11.181350505600589
Theta: 34.977272527128406, -0.0824284171732284, 0.042799859727477574, 0.029713485843050235, 2.8275250458742653, -16.69418751975566, 3.8626617926138813, 0.0007171593689391927, -1.3961885011808843, 0.2653170485581779, -0.012157548678522064, -0.9444614949073965, 0.010424127449281026, -0.5484527105655951, 
================================================================
Iteration 3200: 
Cost: 11.181350505590972
Theta: 34.97727253678801, -0.08242840658637332, 0.042799860675504814, 0.029713467558317077, 2.8275250463353934, -16.694187517610462, 3.8626617566277073, 0.0007171590161322746, -1.3961885695384868, 0.265317020604946, -0.012157547247776119, -0.9444614233901063, 0.010424126656895186, -0.5484527301677392, 
================================================================
Iteration 3300: 
Cost: 11.18135050558146
Theta: 34.9772725460973, -0.08242839626045174, 0.04279986160654942, 0.02971345006117651, 2.8275250467849307, -16.694187515543003, 3.8626617217406936, 0.0007171584469422502, -1.3961886356016782, 0.2653169939340693, -0.012157547084564697, -0.944461354852504, 0.010424124943599638, -0.5484527486890195, 
================================================================
Iteration 3400: 
Cost: 11.181350505571947
Theta: 34.977272555724255, -0.08242838545213388, 0.04279986263917228, 0.029713432166840636, 2.827525047255206, -16.694187513403133, 3.8626616855070326, 0.0007171580037392932, -1.396188704049236, 0.2653169667007481, -0.01215754581929682, -0.9444612843128001, 0.01042412409202993, -0.5484527673905878, 
================================================================
Iteration 3500: 
Cost: 11.181350505562612
Theta: 34.977272565003155, -0.08242837491606257, 0.04279986365593141, 0.0297134150453969, 2.8275250477135856, -16.6941875113404, 3.862661650390081, 0.0007171573919888154, -1.396188770192985, 0.2653169407197655, -0.0121575455566014, -0.9444612166975088, 0.010424122529682577, -0.5484527850617085, 
================================================================
Iteration 3600: 
Cost: 11.181350505553198
Theta: 34.977272574598636, -0.0824283638963122, 0.042799864770049864, 0.029713397525127066, 2.8275250481929475, -16.694187509205623, 3.862661613920378, 0.0007171568688048158, -1.3961888387216068, 0.26531691418285847, -0.012157544427503901, -0.9444611471120264, 0.010424121639737285, -0.5484528029174125, 
