================================================================
Iteration 84200: 
Cost: 7708.373739370616
Theta: 25.89298337562952, -0.7549807165080831, 2.1871269157378346, 1.2708151876259213, 2.823177034415197, -8.105623970053621, 20.103897944394333, 1.8113809719660214, -15.426483032127491, 6.303341622575225, 0.0960125329008313, -8.658314907383518, 0.15487467609766886, -18.825556776717892, 
================================================================
Iteration 84300: 
Cost: 6557.673173497714
Theta: 25.898642507839675, -0.7883147907487266, 1.4070044277861402, 1.4051058759458033, 2.81828137614119, -8.102893768314765, 20.075386271418356, 2.0801869216223814, -15.378582930485972, 6.167026539497957, 0.03687696189116587, -8.467097045004158, 0.18188500236888927, -18.062896024653295, 
================================================================
Iteration 84400: 
Cost: 6008.283026770259
Theta: 25.904272504212766, -0.8240958211909318, 1.036425294392338, 1.4880676546552494, 2.813130718297749, -8.101039145130942, 20.051694260105464, 2.0374821122243656, -15.308175493793367, 6.03298907850948, 0.016620054234121703, -8.287648408029998, 0.19596950322518064, -17.36753135279745, 
